,净值,杠杆倍数,每日PnL,资金占用比例
2013-01-04,1.0,0.0,0.0,0.0
2013-01-07,1.0,0.0,0.0,0.0
2013-01-08,0.9957386,1.0043049953070013,-426140.0,0.0703013496714901
2013-01-09,0.992195,1.0077780577406659,-354360.0,0.07054446404184661
2013-01-10,0.99087585,1.0096049873452866,-131915.0,0.07067234911417006
2013-01-11,0.99158385,1.0082235607205583,70800.0,0.07057564925043909
2013-01-14,0.99005885,1.0095651384763642,-152500.0,0.07066955969334551
2013-01-15,0.98848765,1.0121258469946488,-157120.0,0.07084880928962543
2013-01-16,0.98938135,1.010707954015911,89370.0,0.07074955678111378
2013-01-17,0.99350475,1.0073447560265816,412340.0,0.07051413292186073
2013-01-18,0.99846725,1.0016883377997625,496250.0,0.07011818364598339
2013-01-21,0.9991436,1.0012700877031089,67635.0,0.07008890613921763
2013-01-22,0.99672645,1.003125180434411,-241715.0,0.07021876263040878
2013-01-23,0.99328745,1.00673264320414,-343900.0,0.0704712850242898
2013-01-24,0.9944611,1.0053063915722797,117365.0,0.07037144741005959
2013-01-25,0.99333805,1.0065312609337778,-112305.0,0.07045718826536446
2013-01-28,0.9988531,1.001242575109393,551505.0,0.07008698025765751
2013-01-29,1.00159185,0.9988436906710053,273875.0,0.06991905834697038
2013-01-30,0.9983463,1.0022646951263303,-324555.0,0.07015852865884314
2013-01-31,0.9995756,0.9997093766594543,122930.0,0.06997965636616181
2013-02-01,1.00088955,0.9989803070678478,131395.0,0.06992862149474935
2013-02-04,1.00551135,0.9942147346223392,462180.0,0.06959503142356374
2013-02-05,1.00808605,0.9925968125439292,257470.0,0.06948177687807505
2013-02-06,1.0114784,0.9884254572317115,339235.0,0.06918978200621982
2013-02-07,1.031285,0.9702696635750544,1980660.0,0.06791887645025382
2013-02-08,1.03298935,0.9691384523954676,170435.0,0.06783969166768274
2013-02-18,1.02895015,0.9720983081639086,-403920.0,0.06804688157147361
2013-02-19,1.02579985,0.9747644728160176,-315030.0,0.06823351309712125
2013-02-20,1.029489,0.9709432543718292,368915.0,0.06796602780602805
2013-02-21,1.02885485,0.9723419197567081,-63415.0,0.06806393438296958
2013-02-22,1.0252824,0.9750949104363832,-357245.0,0.06825664373054684
2013-02-25,1.02751535,0.9734533892851333,223295.0,0.06814173724995935
2013-02-26,1.02256895,0.9779506800006005,-494640.0,0.06845654760004204
2013-02-27,1.02555855,0.9755566856714324,298960.0,0.06828896799700028
2013-02-28,1.02566195,0.9751615529853671,10340.0,0.06826130870897572
2013-03-01,1.0187379,0.9814526386031186,-692405.0,0.06870168470221831
2013-03-04,1.01284015,0.9873236166634982,-589775.0,0.06911265316644488
2013-03-05,1.01603365,0.9851199318054082,319350.0,0.06895839522637859
2013-03-06,1.0165289,0.98459817522158,49525.0,0.06892187226551061
2013-03-07,1.0084414,0.9917618415903988,-808750.0,0.06942332891132792
2013-03-08,1.0062318,0.9935275847970617,-220960.0,0.06954693093579432
2013-03-11,1.0058286,0.9941656560571056,-40320.0,0.0695915959239974
2013-03-12,1.0043653,0.9952595435146953,-146330.0,0.06966816804602868
2013-03-13,1.0064706,0.9939143776281195,210530.0,0.06957400643396837
2013-03-14,1.0015601,0.9979655739081459,-491050.0,0.06985759017357022
2013-03-15,0.99753425,1.0028684729371449,-402585.0,0.07020079310560014
2013-03-18,0.9991452,1.0012503688152632,161095.0,0.07008752581706844
2013-03-19,0.99979355,0.999788406316484,64835.0,0.06998518844215389
2013-03-20,0.99867625,1.0007594553289918,-111730.0,0.07005316187302943
2013-03-21,0.9913542,1.0084292778504393,-732205.0,0.07059004944953076
2013-03-22,0.98898165,1.0116873755948859,-237255.0,0.07081811629164202
2013-03-25,0.9908733,1.0093405483829265,189165.0,0.07065383838680486
2013-03-26,0.9927234,1.006033251558289,185010.0,0.07042232760908024
2013-03-27,0.9931122,1.0074929600099565,38880.0,0.07052450720069696
2013-03-28,0.9896279,1.0116288657585342,-348430.0,0.07081402060309738
2013-03-29,0.98599745,1.0131832491047517,-363045.0,0.07092282743733262
2013-04-01,0.98387245,1.016251242729685,-212500.0,0.07113758699107796
2013-04-02,0.9870959,1.0131179756698412,322345.0,0.07091825829688887
2013-04-03,0.9817671,1.0186371085362302,-532880.0,0.07130459759753613
2013-04-08,0.9798036999999999,1.021478588006965,-196340.0,0.07150350116048755
2013-04-09,0.97843635,1.0211507370918915,-136735.0,0.07148055159643242
2013-04-10,0.97300165,1.0270195841908387,-543470.0,0.07189137089335872
2013-04-11,0.97240775,1.0275839533364477,-59390.0,0.07193087673355134
2013-04-12,0.9705677,1.0303085503463592,-184005.0,0.07212159852424514
2013-04-15,0.96898695,1.0328888846232656,-158075.0,0.07230222192362858
2013-04-16,0.9718297,1.0285102420722478,284275.0,0.07199571694505734
2013-04-17,0.9683863,1.0318978077240457,-344340.0,0.0722328465406832
2013-04-18,0.97144965,1.0296936645146766,306335.0,0.07207855651602736
2013-04-19,0.97036515,1.0312273168507753,-108450.0,0.07218591217955427
2013-04-22,0.9670211,1.03445472906434,-334405.0,0.0724118310345038
2013-04-23,0.9646982,1.0374784569930782,-232290.0,0.07262349198951548
2013-04-24,0.96579515,1.0358514432382477,109695.0,0.07250960102667733
2013-04-25,0.9649284,1.0362600478957817,-86675.0,0.07253820335270472
2013-04-26,0.9655275,1.035418204038725,59910.0,0.07247927428271074
2013-05-02,0.96246245,1.0386480012804655,-306505.0,0.07270536008963259
2013-05-03,0.96500135,1.035890105231459,253890.0,0.07251230736620214
2013-05-06,0.96606495,1.035102608784223,106360.0,0.07245718261489562
2013-05-07,0.96451915,1.037136898733426,-154580.0,0.0725995829113398
2013-05-08,0.96683545,1.0347209548429364,231630.0,0.07243046683900554
2013-05-09,0.968102,1.0327226366643185,126655.0,0.0722905845665023
2013-05-10,0.970953,1.0307504070742868,285100.0,0.07215252849520008
2013-05-13,0.96908765,1.032439790146949,-186535.0,0.07227078531028643
2013-05-14,0.96994555,1.0308147709941038,85790.0,0.07215703396958727
2013-05-15,0.97341785,1.027765311679871,347230.0,0.07194357181759098
2013-05-16,0.9749862499999999,1.0253255366421834,156840.0,0.07177278756495284
2013-05-17,0.9776089,1.0220809159982074,262265.0,0.07154566411987454
2013-05-20,0.9784387,1.0215496893162546,82980.0,0.07150847825213782
2013-05-21,0.98326435,1.0175530110493685,482565.0,0.07122871077345579
2013-05-22,0.9854938,1.0146253076376532,222945.0,0.07102377153463574
2013-05-23,0.98306355,1.0174987161308138,-243025.0,0.07122491012915697
2013-05-24,0.98490285,1.0148466927474116,183930.0,0.07103926849231881
2013-05-27,0.98681305,1.0134768181267972,191020.0,0.07094337726887581
2013-05-28,0.98651895,1.0139514299243821,-29410.0,0.07097660009470676
2013-05-29,0.9839881,1.015975752145783,-253085.0,0.07111830265020481
2013-05-30,0.9836548,1.0176733748465416,-33330.0,0.07123713623925791
2013-05-31,0.97940875,1.0216928835892063,-424605.0,0.07151850185124443
2013-06-03,0.97732225,1.0234684107519296,-208650.0,0.07164278875263508
2013-06-04,0.98049995,1.018938195764314,317770.0,0.07132567370350197
2013-06-05,0.9802598,1.0208390673574494,-24015.0,0.07145873471502147
2013-06-06,0.9698638,1.0300261748092876,-1039600.0,0.07210183223665015
2013-06-07,0.9712809,1.0303555850835737,141710.0,0.07212489095585016
2013-06-13,0.9682729,1.0326101246869555,-300800.0,0.07228270872808688
2013-06-14,0.9675540499999999,1.033915624662002,-71885.0,0.07237409372634014
2013-06-17,0.96907055,1.031942978764549,151650.0,0.07223600851351844
2013-06-18,0.9680206,1.0338196315243704,-104995.0,0.07236737420670594
2013-06-19,0.9645161,1.036735363982001,-350450.0,0.07257147547874007
2013-06-20,0.95596205,1.0455878452497147,-855405.0,0.07319114916748003
2013-06-21,0.9640979,1.0374039814836231,813585.0,0.07261827870385362
2013-06-24,0.96707035,1.0340883680282411,297245.0,0.07238618576197689
2013-06-25,0.9709111500000001,1.029700348996919,384080.0,0.07207902442978434
2013-06-26,0.97203025,1.0286406210094798,111910.0,0.07200484347066359
2013-06-27,0.97058335,1.030335107232161,-144690.0,0.07212345750625127
2013-06-28,0.96676755,1.0340484638732443,-381580.0,0.07238339247112711
2013-07-01,0.9734016,1.026872361828869,663405.0,0.07188106532802083
2013-07-02,0.9737383,1.0270524431461718,33670.0,0.07189367102023203
2013-07-03,0.9720759,1.0287013596366292,-166240.0,0.07200909517456405
2013-07-04,0.97205565,1.0288745299716122,-2025.0,0.07202121709801285
2013-07-05,0.97098325,1.0297210585249539,-107240.0,0.07208047409674678
2013-07-08,0.97077205,1.0303167463463745,-21120.0,0.07212217224424622
2013-07-09,0.970506,1.030021452726722,-26605.0,0.07210150169087054
2013-07-10,0.97963175,1.0207545335275219,912575.0,0.07145281734692654
2013-07-11,0.98244125,1.0184668548882694,280950.0,0.07129267984217887
2013-07-12,0.9848799,1.0158833071930902,243865.0,0.07111183150351633
2013-07-15,0.9839729,1.016142466931762,-90700.0,0.07112997268522334
2013-07-16,0.9825161,1.0176655629358136,-145680.0,0.07123658940550695
2013-07-17,0.9804265,1.0197492111851323,-208960.0,0.07138244478295926
2013-07-18,0.98004495,1.0201205567152813,-38155.0,0.0714084389700697
2013-07-19,0.9775458,1.0234232503479632,-249915.0,0.07163962752435744
2013-07-22,0.98181895,1.0188151287974223,427315.0,0.07131705901581957
2013-07-23,0.97940735,1.020667090154061,-241160.0,0.07144669631078428
2013-07-24,0.9826979,1.0169377587964725,329055.0,0.07118564311575307
2013-07-25,0.9820938,1.018814037925909,-60410.0,0.07131698265481362
2013-07-26,0.9809467,1.018801531214693,-114710.0,0.07131610718502851
2013-07-29,0.9820942,1.0182694796486935,114750.0,0.07127886357540855
2013-07-30,0.9831552,1.017254193437618,106100.0,0.07120779354063327
2013-07-31,0.9826592,1.0171123416948622,-49600.0,0.07119786391864036
2013-08-01,0.9845583,1.0157265445834949,189910.0,0.07110085812084464
2013-08-02,0.98333125,1.0163792719899831,-122705.0,0.07114654903929882
2013-08-05,0.98531835,1.01473711516689,198710.0,0.0710315980616823
2013-08-06,0.9861191,1.0148934849755977,80075.0,0.07104254394829186
2013-08-07,0.98155425,1.0185317316898175,-456485.0,0.07129722121828722
2013-08-08,0.97315165,1.0273464058762065,-840260.0,0.07191424841133445
2013-08-09,0.9663629499999999,1.0346662193537117,-678870.0,0.07242663535475982
2013-08-12,0.9546754,1.0466935148847452,-1168755.0,0.07326854604193216
2013-08-13,0.95405815,1.0470319340597845,-61725.0,0.07329223538418493
2013-08-14,0.94984205,1.052308591728488,-421610.0,0.07366160142099415
2013-08-15,0.9486364,1.0535363707317156,-120565.0,0.07374754595122009
2013-08-16,0.9535858,1.048245212963532,494940.0,0.07337716490744724
2013-08-19,0.94889905,1.053000421910002,-468675.0,0.07371002953370014
2013-08-20,0.9444461,1.058894996760535,-445295.0,0.07412264977323746
2013-08-21,0.94408325,1.059784717078711,-36285.0,0.07418493019550977
2013-08-22,0.9457355,1.0573667267433653,165225.0,0.07401567087203557
2013-08-23,0.93685415,1.0683180514277488,-888135.0,0.07478226359994242
2013-08-26,0.9409309,1.0630249256348154,407675.0,0.07441174479443709
2013-08-27,0.94496915,1.0595635317830217,403825.0,0.07416944722481152
2013-08-28,0.9612227,1.0394435649511815,1625355.0,0.0727610495465827
2013-08-29,0.96189475,1.0401228408825394,67205.0,0.07280859886177776
2013-08-30,0.96003275,1.0412376036130018,-186200.0,0.07288663225291013
2013-09-02,0.9566092,1.0441984563811428,-342355.0,0.07309389194668
2013-09-03,0.9612896,1.040229396011358,468040.0,0.07281605772079507
2013-09-04,0.9617529,1.0405644734733839,46330.0,0.07283951314313687
2013-09-05,0.9629592,1.0384310155611993,120630.0,0.07269017108928395
2013-09-06,0.9642376500000001,1.0381303820691923,127845.0,0.07266912674484345
2013-09-09,0.96385655,1.0377159339737847,-38110.0,0.07264011537816494
2013-09-10,0.96341925,1.0382259852084126,-43730.0,0.07267581896458888
2013-09-11,0.9638144,1.038440596031767,39515.0,0.0726908417222237
2013-09-12,0.9678284,1.0332078496559927,401400.0,0.0723245494759195
2013-09-13,0.9709149,1.03002508252783,308650.0,0.07210175577694812
2013-09-16,0.9705634,1.029753234049419,-35150.0,0.07208272638345933
2013-09-17,0.9711006,1.0298642591715008,53720.0,0.07209049814200506
2013-09-18,0.97234555,1.0278414911242202,124495.0,0.07194890437869542
2013-09-23,0.9718809,1.0288580113057062,-46465.0,0.07202006079139944
2013-09-24,0.9726059,1.028154414856007,72500.0,0.0719708090399205
2013-09-25,0.9720859,1.0291730905674077,-52000.0,0.07204211633971855
2013-09-26,0.972977,1.0277537392970235,89110.0,0.07194276175079165
2013-09-27,0.976891,1.0233874608323754,391400.0,0.07163712225826628
2013-09-30,0.9776078,1.0228381974857401,71680.0,0.07159867382400181
2013-10-08,0.9786088,1.0213476518911335,100100.0,0.07149433563237936
2013-10-09,0.9763181,1.0244010635468093,-229070.0,0.07170807444827665
2013-10-10,0.97787975,1.021719286036959,156165.0,0.07152035002258714
2013-10-11,0.9763833,1.0239333261845016,-149645.0,0.07167533283291512
2013-10-14,0.9757725,1.0249388048956083,-61080.0,0.07174571634269258
2013-10-15,0.9748811,1.026095182274023,-89140.0,0.0718266627591816
2013-10-16,0.9768123,1.0231503022638024,193120.0,0.07162052115846618
2013-10-17,0.9805261,1.0193349264236822,371380.0,0.07135344484965775
2013-10-18,0.9798793,1.0208809901382752,-64680.0,0.07146166930967927
2013-10-21,0.98123825,1.0190577059139307,135895.0,0.07133403941397516
2013-10-22,0.98289975,1.018041972235724,166150.0,0.07126293805650068
2013-10-23,0.98458105,1.0145103848992423,168130.0,0.07101572694294696
2013-10-24,0.98965415,1.0111171665374212,507310.0,0.07077820165761949
2013-10-25,0.99007645,1.0102330986662698,42230.0,0.07071631690663888
2013-10-28,0.98461955,1.0156845859905992,-545690.0,0.07109792101934194
2013-10-29,0.98516145,1.0151466036353736,54190.0,0.07106026225447615
2013-10-30,0.98652695,1.012951749569538,136550.0,0.07090662246986765
2013-10-31,0.9780586,1.0219064072439012,-846835.0,0.07153344850707309
2013-11-01,0.97293205,1.0284564065907789,-512655.0,0.07199194846135452
2013-11-04,0.9711493,1.029681275577298,-178275.0,0.07207768929041086
2013-11-05,0.98167985,1.0183847615900439,1053055.0,0.07128693331130308
2013-11-06,0.98270495,1.0181258372617334,102510.0,0.07126880860832135
2013-11-07,0.97956525,1.0219224293634344,-313970.0,0.07153457005544041
2013-11-08,0.97849775,1.0209202831585458,-106750.0,0.07146441982109822
2013-11-11,0.97945475,1.0211201691553387,95700.0,0.07147841184087371
2013-11-12,0.98176295,1.018978053714494,230820.0,0.07132846376001459
2013-11-13,0.98118245,1.0188727896631253,-58050.0,0.07132109527641878
2013-11-14,0.97373525,1.0268269532195737,-744720.0,0.07187788672537017
2013-11-15,0.97489235,1.026005948246491,115710.0,0.07182041637725438
2013-11-18,0.97611045,1.0252708594606277,121810.0,0.07176896016224393
2013-11-19,0.97252965,1.0285745015588985,-358080.0,0.0720002151091229
2013-11-20,0.97592925,1.0250888576195456,339960.0,0.0717562200333682
2013-11-21,0.97649825,1.0253048584572477,56900.0,0.07177134009200734
2013-11-22,0.97814245,1.021330584313154,164420.0,0.07149314090192078
2013-11-25,0.98096755,1.020644056982313,282510.0,0.07144508398876191
2013-11-26,0.98060375,1.0192573707779518,-36380.0,0.07134801595445663
2013-11-27,0.9801209,1.0197479208942488,-48285.0,0.07138235446259741
2013-11-28,0.9802097,1.0198036705819173,8880.0,0.07138625694073422
2013-11-29,0.9801879,1.019525439969214,-2180.0,0.07136678079784499
2013-12-02,0.9806942,1.0191241061688752,50630.0,0.07133868743182126
2013-12-03,0.97974145,1.0206355462453895,-95275.0,0.07144448823717728
2013-12-04,0.9790117,1.021646421590263,-72975.0,0.0715152495113184
2013-12-05,0.98299285,1.0176556218084394,398115.0,0.07123589352659077
2013-12-06,0.9840136,1.0163587169933423,102075.0,0.07114511018953396
2013-12-09,0.98300625,1.0164130696015412,-100735.0,0.07114891487210788
2013-12-10,0.9840708,1.016892280514776,106455.0,0.07118245963603431
2013-12-11,0.98339175,1.0163724171979274,-67905.0,0.07114606920385493
2013-12-12,0.98532435,1.0155406186805391,193260.0,0.07108784330763775
2013-12-13,0.98975,1.0093933316494064,442565.0,0.07065753321545845
2013-12-16,0.9882477,1.0122793607311202,-150230.0,0.07085955525117843
2013-12-17,0.9892601,1.0105790681338507,101240.0,0.07074053476936955
2013-12-18,0.99049725,1.0096166344732407,123715.0,0.07067316441312683
2013-12-19,0.9903368,1.0098133786404786,-16045.0,0.07068693650483351
2013-12-20,0.98612765,1.0137017758299345,-420915.0,0.07095912430809541
2013-12-23,0.98872635,1.0117681702323398,259870.0,0.0708237719162638
2013-12-24,0.9868415,1.0130798106889505,-188485.0,0.07091558674822654
2013-12-25,0.9893029,1.010775466239915,246140.0,0.07075428263679405
2013-12-26,0.99073795,1.0086999291790528,143505.0,0.07060899504253369
2013-12-27,0.9881504,1.0110462941673657,-258755.0,0.0707732405917156
2013-12-30,0.98482075,1.0150841663317918,-332965.0,0.07105589164322543
2013-12-31,0.9780608,1.021583729764039,-675995.0,0.07151086108348274
2014-01-02,0.9773833,1.0233960412460494,-67750.0,0.07163772288722348
2014-01-03,0.9748185,1.0262409874248386,-256480.0,0.0718368691197387
2014-01-06,0.9760723,1.0255640898732603,125380.0,0.07178948629112823
2014-01-07,0.97902265,1.021860985545125,295035.0,0.07153026898815874
2014-01-08,0.9787192,1.0212883327516207,-30345.0,0.07149018329261345
2014-01-09,0.9743574,1.0255255412439008,-436180.0,0.07178678788707307
2014-01-10,0.9734394,1.0275908289719935,-91800.0,0.07193135802803954
2014-01-13,0.9727452,1.0273224170111557,-69420.0,0.0719125691907809
2014-01-14,0.9768603,1.0240830751336707,411510.0,0.07168581525935694
2014-01-15,0.97667625,1.023513830708999,-18405.0,0.07164596814962994
2014-01-16,0.97458455,1.0259157607208118,-209170.0,0.07181410325045683
2014-01-17,0.974264,1.0253764893293809,-32055.0,0.07177635425305666
2014-01-20,0.9649655,1.0369219935842267,-929850.0,0.07258453955089586
2014-01-21,0.9670851,1.033699826416517,211960.0,0.07235898784915619
2014-01-22,0.9682244,1.0323689942124987,113930.0,0.0722658295948749
2014-01-23,0.96961105,1.0312922898310617,138665.0,0.07219046028817432
2014-01-24,0.97113,1.0298683492426348,151895.0,0.07209078444698444
2014-01-27,0.97171935,1.0298632007276587,58935.0,0.0720904240509361
2014-01-28,0.9666317,1.034295533655683,-508765.0,0.0724006873558978
2014-01-29,0.96976475,1.0317949791431376,313305.0,0.07222564854001963
2014-01-30,0.97272325,1.0269870695493297,295850.0,0.07188909486845309
2014-02-07,0.97473225,1.0269814608062882,200900.0,0.07188870225644017
2014-02-10,0.97122215,1.0297467474356923,-351010.0,0.07208227232049846
2014-02-11,0.96960685,1.0311133837389865,-161530.0,0.07217793686172908
2014-02-12,0.97686685,1.0240514354643113,726000.0,0.07168360048250179
2014-02-13,0.9752132,1.0250752861015417,-165365.0,0.07175527002710792
2014-02-14,0.9730324,1.028212267135195,-218080.0,0.07197485869946366
2014-02-17,0.9769556,1.0230972113778762,392320.0,0.07161680479645136
2014-02-18,0.97463015,1.0262308220200247,-232545.0,0.07183615754140173
2014-02-19,0.97765385,1.023242531086028,302370.0,0.07162697717602197
2014-02-20,0.9811745,1.0194367057032159,352065.0,0.07136056939922511
2014-02-21,0.98122855,1.0197097302152491,5405.0,0.07137968111506744
2014-02-24,0.97821615,1.0228534358178405,-301240.0,0.07159974050724884
2014-02-25,0.98241185,1.0175673267784788,419570.0,0.07122971287449353
2014-02-26,0.9865918,1.0134344822245633,417995.0,0.07094041375571944
2014-02-27,0.98632765,1.0140577525125651,-26415.0,0.07098404267587957
2014-02-28,0.9870466,1.0134624849525848,71895.0,0.07094237394668094
2014-03-03,0.982924,1.0165312882786461,-412260.0,0.07115719017950523
2014-03-04,0.97409,1.026540874046546,-883400.0,0.07185786118325822
2014-03-05,0.9709482,1.0306794945394615,-314180.0,0.07214756461776231
2014-03-06,0.9673457,1.034074374858957,-360250.0,0.07238520624012698
2014-03-07,0.9632387,1.038615246667311,-410700.0,0.07270306726671177
2014-03-10,0.9704066,1.0303679406137591,716790.0,0.07212575584296314
2014-03-11,0.97552665,1.0245042511140008,512005.0,0.07171529757798006
2014-03-12,0.9754953,1.0254799279914522,-3135.0,0.07178359495940165
2014-03-13,0.9803091,1.0211821455090033,481380.0,0.07148275018563023
2014-03-14,0.98377425,1.0166539732057431,346515.0,0.07116577812440202
2014-03-17,0.98819615,1.012964076008594,442190.0,0.07090748532060158
2014-03-18,0.9913017,1.008374039911361,310555.0,0.07058618279379528
2014-03-19,0.9878219,1.012562892156977,-347980.0,0.0708794024509884
2014-03-20,0.9807485,1.019806810818472,-707340.0,0.07138647675729302
2014-03-21,0.9745709,1.0260482844295884,-617760.0,0.07182337991007119
2014-03-24,0.97103005,1.0303241902760887,-354085.0,0.07212269331932622
2014-03-25,0.9761725,1.0245750622968788,514245.0,0.07172025436078153
2014-03-26,0.975135,1.0252647582129655,-103750.0,0.07176853307490759
2014-03-27,0.97437285,1.0265047409726165,-76215.0,0.07185533186808314
2014-03-28,0.9740069,1.0262142906790497,-36595.0,0.07183500034753347
2014-03-31,0.968426,1.0330621544650804,-558090.0,0.07231435081255563
2014-04-01,0.96786855,1.0325877413828561,-55745.0,0.07228114189679993
2014-04-02,0.9709359,1.0301633712379983,306735.0,0.07211143598665988
2014-04-03,0.9761648,1.0255107539218788,522890.0,0.07178575277453152
2014-04-04,0.97948105,1.020474872893151,331625.0,0.07143324110252057
2014-04-08,0.9735015,1.0272381193043874,-597955.0,0.07190666835130712
2014-04-09,0.97342335,1.028267916523679,-7815.0,0.07197875415665753
2014-04-10,0.9727048,1.0279072335203856,-71855.0,0.071953506346427
2014-04-11,0.97090405,1.0299887512056418,-180075.0,0.07209921258439493
2014-04-14,0.9760198,1.0252014866911512,511575.0,0.07176410406838059
2014-04-15,0.98186475,1.018338269094598,584495.0,0.07128367883662186
2014-04-16,0.98250385,1.0175433409243129,63910.0,0.0712280338647019
2014-04-17,0.9844394,1.0162579839856065,193555.0,0.07113805887899245
2014-04-18,0.9818735,1.01856919450418,-256590.0,0.07129984361529261
2014-04-21,0.9806872,1.0187070352299898,-118630.0,0.07130949246609929
2014-04-22,0.98576545,1.0152527155420186,507825.0,0.0710676900879413
2014-04-23,0.98579325,1.014411338280111,2780.0,0.07100879367960777
2014-04-24,0.98371325,1.0164355822187003,-208000.0,0.07115049075530903
2014-04-25,0.97821875,1.022727431875539,-549450.0,0.07159092023128773
2014-04-28,0.98604145,1.013451006547443,782270.0,0.070941570458321
2014-04-29,0.9856598,1.015198296613091,-38165.0,0.07106388076291636
2014-04-30,0.9805239,1.0193957026442702,-513590.0,0.0713576991850989
2014-05-05,0.9903302,1.009396815324828,980630.0,0.07065777707273797
2014-05-06,0.99200435,1.0080826762503612,167415.0,0.07056578733752528
2014-05-07,0.99936005,1.0014048990651567,735570.0,0.07009834293456096
2014-05-08,1.0023438,0.997837368775065,298375.0,0.06984861581425456
2014-05-09,1.00144005,0.9990043338090983,-90375.0,0.06993030336663687
2014-05-12,1.00697105,0.993554779951221,553100.0,0.06954883459658548
2014-05-13,1.00486455,0.9950386348090396,-210650.0,0.06965270443663277
2014-05-14,1.00126525,0.9988318280295856,-359930.0,0.06991822796207099
2014-05-15,0.99701945,1.0030284765257087,-424580.0,0.0702119933567996
2014-05-16,0.99329445,1.0064329867140605,-372500.0,0.07045030906998424
2014-05-19,0.99389555,1.0066965286241598,60110.0,0.0704687570036912
2014-05-20,0.99539325,1.004989133691634,149770.0,0.07034923935841438
2014-05-21,0.98951005,1.0111002915028504,-588320.0,0.07077702040519952
2014-05-22,0.9943996,1.0049972868050228,488955.0,0.0703498100763516
2014-05-23,0.9951625,1.0051550374938767,76290.0,0.07036085262457137
2014-05-26,1.00534895,0.9948828215317677,1018645.0,0.06964179750722374
2014-05-27,1.00530705,0.9942636928687608,-4190.0,0.06959845850081327
2014-05-28,1.00481585,0.9949962473223327,-49120.0,0.0696497373125633
2014-05-29,1.00633305,0.9936689945739137,151720.0,0.06955682962017395
2014-05-30,1.0104499,0.990069077150683,411685.0,0.06930483540054781
2014-06-03,1.0096397,0.9908584220687835,-81020.0,0.06936008954481485
2014-06-04,1.0096575,0.9903734682305634,1780.0,0.06932614277613944
2014-06-05,1.0164939,0.9841238594742182,683640.0,0.06888867016319528
2014-06-06,1.0171273,0.9836312524499146,63340.0,0.06885418767149402
2014-06-09,1.0144847,0.9857311795830928,-264260.0,0.0690011825708165
2014-06-10,1.0145844,0.9855351609979416,9970.0,0.06898746126985592
2014-06-11,1.0128632,0.9874075788319686,-172120.0,0.0691185305182378
2014-06-12,1.0110834,0.9895732636892268,-177980.0,0.06927012845824589
2014-06-13,1.0089562,0.9913460068930643,-212720.0,0.0693942204825145
2014-06-16,1.0046819,0.9952435691336731,-427430.0,0.06966704983935712
2014-06-17,1.008721,0.9910703752573804,403910.0,0.06937492626801663
2014-06-18,1.00893,0.9915083306076735,20900.0,0.06940558314253714
2014-06-19,1.0087175,0.9909000289972167,-21250.0,0.06936300202980517
2014-06-20,1.0098843,0.9898469062248022,116680.0,0.06928928343573615
2014-06-23,1.00574115,0.9936328050214511,-414315.0,0.06955429635150158
2014-06-24,1.0065286,0.9937496559958654,78745.0,0.06956247591971058
2014-06-25,1.0032434,0.9971083288462201,-328520.0,0.06979758301923542
2014-06-26,1.00055495,0.9991760072747629,-268845.0,0.06994232050923341
2014-06-27,1.00036075,0.999253119437163,-19420.0,0.06994771836060142
2014-06-30,0.99830425,1.0017132552525947,-205650.0,0.07011992786768162
2014-07-01,0.9970998,1.0035140915683667,-120445.0,0.07024598640978566
2014-07-02,0.99680625,1.0034294026547286,-29355.0,0.070240058185831
2014-07-03,0.9990118,1.0005373810399436,220555.0,0.07003761667279607
2014-07-04,0.9941595,1.0062485446248817,-485230.0,0.07043739812374171
2014-07-07,0.992286,1.0075185984685866,-187350.0,0.07052630189280107
2014-07-08,0.9909250000000001,1.0083301965335418,-136100.0,0.07058311375734794
2014-07-09,0.9925067,1.007362670700359,158170.0,0.07051538694902514
2014-07-10,0.9894923,1.0106724428274985,-301440.0,0.07074707099792489
2014-07-11,0.984035,1.016241088985656,-545730.0,0.07113687622899592
2014-07-14,0.982171,1.017657414034827,-186400.0,0.0712360189824379
2014-07-15,0.98466905,1.015585388816679,249805.0,0.07109097721716753
2014-07-16,0.98076405,1.0187261655848825,-390500.0,0.07131083159094177
2014-07-17,0.98367445,1.017724309094335,291040.0,0.07124070163660345
2014-07-18,0.98905705,1.011086064246749,538260.0,0.07077602449727244
2014-07-21,0.99198275,1.007763139026359,292570.0,0.07054341973184514
2014-07-22,0.9994213,1.0004544629977368,743855.0,0.07003181240984158
2014-07-23,1.00879055,0.9908758066776101,936925.0,0.0693613064674327
2014-07-24,1.0113839,0.9885383779591508,259335.0,0.06919768645714057
2014-07-25,1.009615,0.9899197218741798,-176890.0,0.06929438053119258
2014-07-28,1.00783015,0.991894963650373,-178485.0,0.06943264745552612
2014-07-29,0.99725395,1.0029463407991515,-1057620.0,0.07020624385594061
2014-07-30,0.99605885,1.0035773990663304,-119510.0,0.07025041793464312
2014-07-31,0.9940383,1.0063809412574949,-202055.0,0.07044666588802465
2014-08-01,0.995874,1.0040587463875952,183570.0,0.07028411224713167
2014-08-04,0.99877505,1.0004849940935148,290105.0,0.07003394958654605
2014-08-05,1.00105865,0.9993785578896901,228360.0,0.06995649905227831
2014-08-06,1.0068167,0.9934595343919107,575805.0,0.06954216740743374
2014-08-07,1.00892685,0.9911690822778678,211015.0,0.06938183575945076
2014-08-08,1.00724095,0.9925726312060684,-168590.0,0.06948008418442479
2014-08-11,1.01456695,0.9850181892875576,732600.0,0.06895127325012904
2014-08-12,1.01132815,0.9888410601445238,-323880.0,0.06921887421011667
2014-08-13,1.0073168,0.9929410489331658,-401135.0,0.06950587342532161
2014-08-14,1.0060906,0.9937861957958856,-122620.0,0.069565033705712
2014-08-15,1.01202905,0.9879224316732805,593845.0,0.06915457021712965
2014-08-18,1.01734385,0.9829871188585846,531480.0,0.06880909832010093
2014-08-19,1.01790685,0.9827287241460257,56300.0,0.0687910106902218
2014-08-20,1.01727505,0.9831342074102771,-63180.0,0.06881939451871939
2014-08-21,1.020854,0.9800113924224227,357895.0,0.0686007974695696
2014-08-22,1.02184685,0.9780681909427034,99285.0,0.06846477336598923
2014-08-25,1.02562825,0.9748639431489918,378140.0,0.06824047602042943
2014-08-26,1.0271738,0.9726832012265111,154555.0,0.06808782408585577
2014-08-27,1.0264563,0.9745648207332354,-71750.0,0.06821953745132647
2014-08-28,1.0297339,0.9704802862176335,327760.0,0.06793362003523434
2014-08-29,1.03012175,0.9706946775951484,38785.0,0.06794862743166039
2014-09-01,1.0305852,0.9697390861037011,46345.0,0.06788173602725908
2014-09-02,1.03598985,0.9648148579834059,540465.0,0.06753704005883841
2014-09-03,1.04042565,0.9608075310330921,443580.0,0.06725652717231645
2014-09-04,1.04277795,0.958430267920414,235230.0,0.06709011875442898
2014-09-05,1.0384446,0.9628080785436218,-433335.0,0.06739656549805355
2014-09-09,1.03682945,0.9649207977261834,-161515.0,0.06754445584083285
2014-09-10,1.03758705,0.9630673397475421,75760.0,0.06741471378232795
2014-09-11,1.03929695,0.9621024097107184,170990.0,0.06734716867975028
2014-09-12,1.03706375,0.964102255044591,-223320.0,0.06748715785312137
2014-09-15,1.0403083,0.9617161085805045,324455.0,0.06732012760063531
2014-09-16,1.0485908,0.9540190510921897,828250.0,0.06678133357645327
2014-09-17,1.05049115,0.9525424845321162,190035.0,0.06667797391724814
2014-09-18,1.051568,0.9510773435479208,107685.0,0.06657541404835446
2014-09-19,1.0530764,0.9497330867921834,150840.0,0.06648131607545284
2014-09-22,1.05272095,0.9501114706608622,-35545.0,0.06650780294626035
2014-09-23,1.0649073,0.938997319297182,1218635.0,0.06572981235080275
2014-09-24,1.0646845,0.939239370912228,-22280.0,0.06574675596385596
2014-09-25,1.0628672,0.9400536586320474,-181730.0,0.06580375610424331
2014-09-26,1.06375125,0.9404224906903752,88405.0,0.06582957434832626
2014-09-29,1.0665721,0.9380465230620603,282085.0,0.06566325661434422
2014-09-30,1.06724535,0.9374837285540761,67325.0,0.06562386099878534
2014-10-08,1.08004035,0.9261147048811649,1279500.0,0.06482802934168154
2014-10-09,1.0876231,0.9193269249246361,758275.0,0.06435288474472455
2014-10-10,1.084583,0.9217268756747985,-304010.0,0.0645208812972359
2014-10-13,1.0894692,0.9176052888874693,488620.0,0.06423237022212284
2014-10-14,1.0895176,0.9179321196830598,4840.0,0.06425524837781418
2014-10-15,1.08270035,0.9232630708949157,-681725.0,0.0646284149626441
2014-10-16,1.08872095,0.9184931180023678,602060.0,0.06429451826016575
2014-10-17,1.08589665,0.920985436321219,-282430.0,0.06446898054248533
2014-10-20,1.08043375,0.9255467075144589,-546290.0,0.06478826952601213
2014-10-21,1.07729325,0.9283157580352425,-314050.0,0.06498210306246698
2014-10-22,1.07462565,0.9305404165627351,-266760.0,0.06513782915939147
2014-10-23,1.087202,0.9193149479121635,1257635.0,0.06435204635385146
2014-10-24,1.09155465,0.9162351147512403,435265.0,0.06413645803258683
2014-10-27,1.09292625,0.9145623503873203,137160.0,0.06401936452711242
2014-10-28,1.09075655,0.9166493659836377,-216970.0,0.06416545561885464
2014-10-29,1.09104855,0.9168648819523201,29200.0,0.0641805417366624
2014-10-30,1.08980175,0.9175177962413806,-124680.0,0.06422624573689664
2014-10-31,1.09029585,0.9174047576169349,49410.0,0.06421833303318544
2014-11-03,1.09885585,0.9103514350858668,856000.0,0.06372460045601068
2014-11-04,1.09816275,0.9107108213240706,-69310.0,0.06374975749268494
2014-11-05,1.09697715,0.9115755054697356,-118560.0,0.0638102853828815
2014-11-06,1.09840965,0.9105159445749589,143250.0,0.06373611612024713
2014-11-07,1.10113515,0.9080701401639935,272550.0,0.06356490981147955
2014-11-10,1.0980725,0.9107517035532717,-306265.0,0.06375261924872902
2014-11-11,1.0999456,0.9092238743443312,187310.0,0.0636456712041032
2014-11-12,1.096028,0.9118350991033076,-391760.0,0.06382845693723153
2014-11-13,1.091883,0.9157642348127043,-414500.0,0.06410349643688931
2014-11-14,1.0932065,0.9153858854662865,132350.0,0.06407701198264007
2014-11-17,1.093683,0.9148497325093286,47650.0,0.06403948127565301
2014-11-18,1.0883624,0.9185504754666277,-532060.0,0.06429853328266394
2014-11-19,1.0808904,0.9243675399466958,-747200.0,0.06470572779626871
2014-11-20,1.0739218,0.9308245721429623,-696860.0,0.06515772005000738
2014-11-21,1.0731548,0.9322287893601184,-76700.0,0.06525601525520829
2014-11-24,1.0739319,0.930635545885172,77710.0,0.06514448821196205
2014-11-25,1.0777334,0.9280016746256542,380150.0,0.0649601172237958
2014-11-26,1.0774498,0.9282371206528601,-28360.0,0.06497659844570021
2014-11-27,1.08572375,0.9208448742140899,827395.0,0.0644591411949863
2014-11-28,1.0818189,0.9242541427220397,-390485.0,0.06469778999054278
2014-12-01,1.0766924,0.9285731003580967,-512650.0,0.06500011702506676
2014-12-02,1.0756890000000001,0.9297969022645021,-100340.0,0.06508578315851515
2014-12-03,1.0676962,0.9368064623626083,-799280.0,0.06557645236538259
2014-12-04,1.0693453,0.934846115656,164910.0,0.06543922809592
2014-12-05,1.0689567,0.935274272568758,-38860.0,0.06546919907981306
2014-12-08,1.07401695,0.9314406537066291,506025.0,0.06520084575946404
2014-12-09,1.08447265,0.9224774363834809,1045570.0,0.06457342054684367
2014-12-10,1.0882004,0.9189220110560518,372775.0,0.06432454077392363
2014-12-11,1.0938312,0.9138390823008157,563080.0,0.0639687357610571
2014-12-12,1.0956777,0.9127229658867749,184650.0,0.06389060761207425
2014-12-15,1.0994562,0.9097847645044886,377850.0,0.06368493351531421
2014-12-16,1.1067282,0.9039067586784181,727200.0,0.06327347310748926
2014-12-17,1.1106202,0.9007347426239861,389200.0,0.06305143198367903
2014-12-18,1.1237366,0.8893644649466788,1311640.0,0.06225551254626752
2014-12-19,1.1207278999999999,0.8918228947454596,-300870.0,0.06242760263218217
2014-12-22,1.11400565,0.8977234989786632,-672225.0,0.06284064492850643
2014-12-23,1.1205896,0.8922615380331925,658395.0,0.06245830766232348
2014-12-24,1.11761005,0.8949717300770514,-297955.0,0.0626480211053936
2014-12-25,1.11779835,0.8945440830181938,18830.0,0.06261808581127357
2014-12-26,1.11462775,0.8977439328959825,-317060.0,0.06284207530271878
2014-12-29,1.11421075,0.8981299991944971,-41700.0,0.0628690999436148
2014-12-30,1.1226170500000001,0.8907504121730558,840630.0,0.06235252885211392
2014-12-31,1.11609735,0.8951312356399735,-651970.0,0.06265918649479814
2015-01-05,1.1177655,0.894861355087449,166815.0,0.06264029485612144
2015-01-06,1.114927,0.8967595636306234,-283850.0,0.06277316945414364
2015-01-07,1.11716225,0.8951890381186797,223525.0,0.06266323266830759
2015-01-08,1.1158076,0.8961949622856127,-135465.0,0.0627336473599929
2015-01-09,1.11833135,0.8943211687663053,252375.0,0.06260248181364138
2015-01-12,1.1250728,0.888936920348621,674145.0,0.06222558442440347
2015-01-13,1.13076495,0.8846231924680722,569215.0,0.06192362347276506
2015-01-14,1.130435,0.8848250894567136,-32995.0,0.06193775626196995
2015-01-15,1.12542955,0.888653581203728,-500545.0,0.062205750684260964
2015-01-16,1.12357445,0.8891900309765854,-185510.0,0.062243302168360985
2015-01-19,1.12345585,0.8901196250836203,-11860.0,0.06230837375585342
2015-01-20,1.1208784,0.8928429702990084,-257745.0,0.06249900792093059
2015-01-21,1.12121335,0.8921783262748343,33495.0,0.062452482839238405
2015-01-22,1.11696745,0.8949223184614735,-424590.0,0.06264456229230315
2015-01-23,1.12131595,0.891790757101065,434850.0,0.06242535299707456
2015-01-26,1.1244417,0.8896069489418615,312575.0,0.062272486425930314
2015-01-27,1.12628695,0.8882885484911283,184525.0,0.06218019839437899
2015-01-28,1.12275485,0.8904137889050312,-353210.0,0.062328965223352184
2015-01-29,1.12116095,0.8926337471885727,-159390.0,0.06248436230320009
2015-01-30,1.12412115,0.8898126327398075,296020.0,0.062286884291786526
2015-02-02,1.12450855,0.8887806144292989,38740.0,0.06221464301005093
2015-02-03,1.12207435,0.891548051160781,-243420.0,0.06240836358125467
2015-02-04,1.1201382500000001,0.8927973846085516,-193610.0,0.062495816922598625
2015-02-05,1.12366035,0.8901146151503877,352210.0,0.06230802306052714
2015-02-06,1.12410955,0.8892367296408077,44920.0,0.06224657107485654
2015-02-09,1.12214555,0.8911533802366368,-196400.0,0.06238073661656458
2015-02-10,1.12584335,0.8883611561057762,369780.0,0.06218528092740433
2015-02-11,1.12623995,0.8879457703484945,39660.0,0.06215620392439462
2015-02-12,1.1228466,0.89018468773918,-339335.0,0.06231292814174261
2015-02-13,1.1168585,0.8950819195090515,-598810.0,0.06265573436563361
2015-02-16,1.11328945,0.8975978349565784,-356905.0,0.06283184844696049
2015-02-17,1.10903705,0.901597832101281,-425240.0,0.06311184824708968
2015-02-25,1.11056745,0.9012468355704104,153040.0,0.06308727848992873
2015-02-26,1.10290855,0.906442243103474,-765890.0,0.06345095701724318
2015-02-27,1.09500345,0.9131936524948848,-790510.0,0.06392355567464195
2015-03-02,1.08747085,0.9200149135031988,-753260.0,0.0644010439452239
2015-03-03,1.08173435,0.9240587580490534,-573650.0,0.06468411306343373
2015-03-04,1.08642725,0.9203020266658444,469290.0,0.0644211418666091
2015-03-05,1.08626815,0.9208533822887102,-15910.0,0.06445973676020972
2015-03-06,1.08902105,0.9186647953223678,275290.0,0.06430653567256574
2015-03-09,1.08584235,0.9217010185686716,-317870.0,0.06451907129980701
2015-03-10,1.09043365,0.9170563472614771,459130.0,0.06419394430830341
2015-03-11,1.09206515,0.9155014240679689,163150.0,0.06408509968475783
2015-03-12,1.0941924,0.9143391509573636,212725.0,0.06400374056701545
2015-03-13,1.0975605,0.9110089147705297,336810.0,0.06377062403393709
2015-03-16,1.1024376,0.9067118175214633,487710.0,0.06346982722650243
2015-03-17,1.09953115,0.9096087455093927,-290645.0,0.06367261218565749
2015-03-18,1.100953,0.9086142641874813,142185.0,0.06360299849312369
2015-03-19,1.10051275,0.9090493953841062,-44025.0,0.06363345767688744
2015-03-20,1.0981062,0.9106983459341182,-240655.0,0.06374888421538828
2015-03-23,1.09129245,0.9168975282473548,-681375.0,0.06418282697731484
2015-03-24,1.09083405,0.916935486199757,-45840.0,0.064185484033983
2015-03-25,1.09525915,0.9131609628643595,442510.0,0.06392126740050516
2015-03-26,1.09680715,0.9113590297072736,154800.0,0.06379513207950914
2015-03-27,1.10158165,0.9078729661119537,477450.0,0.06355110762783676
2015-03-30,1.10833915,0.9018612669235766,675750.0,0.06313028868465037
2015-03-31,1.1006825,0.9081441741828365,-765665.0,0.06357009219279856
2015-04-01,1.1046174,0.9053924915540892,393490.0,0.06337747440878624
2015-04-02,1.0967679,0.9120658983546108,-784950.0,0.06384461288482277
2015-04-03,1.0965155,0.9112371416546323,-25240.0,0.06378659991582426
2015-04-07,1.079801,0.9256273609674375,-1671450.0,0.06479391526772063
2015-04-08,1.073518,0.9312695269199026,-628300.0,0.0651888668843932
2015-04-09,1.07697705,0.9289084201005026,345905.0,0.06502358940703519
2015-04-10,1.07529995,0.9297541583629758,-167710.0,0.0650827910854083
2015-04-13,1.07560185,0.9297943286356378,30190.0,0.06508560300449465
2015-04-14,1.0670475,0.9370070685700496,-855435.0,0.06559049479990348
2015-04-15,1.06324175,0.9406665981654689,-380575.0,0.06584666187158282
2015-04-16,1.06136305,0.9422860537683123,-187870.0,0.06596002376378186
2015-04-17,1.06501025,0.9392245285902178,364720.0,0.06574571700131525
2015-04-20,1.0647389,0.939931940121658,-27135.0,0.06579523580851607
2015-04-21,1.0666701,0.9372311551622193,193120.0,0.06560618086135535
2015-04-22,1.06188405,0.9414260436438423,-478605.0,0.06589982305506896
2015-04-23,1.06322645,0.9406570914408685,134240.0,0.06584599640086079
2015-04-24,1.0611433,0.9423797897984184,-208315.0,0.06596658528588928
2015-04-27,1.05985245,0.9432396934120405,-129085.0,0.06602677853884284
2015-04-28,1.06065455,0.9430743497022664,80210.0,0.06601520447915865
2015-04-29,1.06371915,0.9401401676372941,306460.0,0.06580981173461059
2015-04-30,1.0663955,0.937073112180237,267635.0,0.06559511785261661
2015-05-04,1.0624415,0.9408158002111175,-395400.0,0.06585710601477822
2015-05-05,1.06508425,0.938704285599942,264275.0,0.06570929999199594
2015-05-06,1.0552905,0.9473883257738035,-979375.0,0.06631718280416625
2015-05-07,1.05933535,0.9440080990405918,404485.0,0.06608056693284144
2015-05-08,1.0631734,0.9403356968863217,383805.0,0.06582349878204251
2015-05-11,1.05640465,0.9464965437249827,-676875.0,0.06625475806074878
2015-05-12,1.0554877,0.9469494528453529,-91695.0,0.06628646169917471
2015-05-13,1.0599883,0.9428874828146688,450060.0,0.06600212379702682
2015-05-14,1.0641907,0.9393996771443314,420240.0,0.06575797740010321
2015-05-15,1.0658697,0.9380304177893414,167900.0,0.0656621292452539
2015-05-18,1.0683283,0.935790617921476,245860.0,0.06550534325450333
2015-05-19,1.0690523,0.935073335514081,72400.00000000134,0.06545513348598567
2015-05-20,1.07381185,0.9314345432116437,475954.9999999986,0.06520041802481506
2015-05-21,1.07662365,0.928800468018699,281180.00000000047,0.06501603276130893
2015-05-22,1.0762087,0.9295491664395577,-41495.0,0.06506844165076904
2015-05-25,1.0792164,0.9266085559856206,300770.0000000013,0.06486259891899346
2015-05-26,1.078277,0.9272329837323805,-93939.99999999997,0.06490630886126664
2015-05-27,1.0786744,0.9278966850423075,39739.9999999991,0.06495276795296154
2015-05-28,1.0777713,0.9274809971280549,-90310.00000000045,0.06492366979896384
2015-05-29,1.0788029,0.9272849563159313,103160.00000000134,0.06490994694211519
2015-06-01,1.07725485,0.9289675975930858,-154805.00000000087,0.06502773183151601
2015-06-02,1.0754985,0.929382700208322,-175635.0,0.06505678901458255
2015-06-03,1.0751511,0.9299177576063494,-34740.00000000044,0.06509424303244446
2015-06-04,1.0788317,0.9269812891111746,368059.99999999953,0.06488869023778222
2015-06-05,1.0803999,0.9253755484427572,156820.00000000047,0.064776288390993
2015-06-08,1.08149715,0.9253514907551998,109725.00000000047,0.064774604352864
2015-06-09,1.0807063,0.9258195774374592,-79085.00000000045,0.06480737042062215
2015-06-10,1.08471575,0.921130351430778,400944.99999999953,0.06447912460015447
2015-06-11,1.08256775,0.9240631821888283,-214799.9999999991,0.06468442275321798
2015-06-12,1.0883503,0.9188101018578302,578254.9999999991,0.06431670713004811
2015-06-15,1.09073775,0.9172534827918076,238745.00000000047,0.06420774379542654
2015-06-16,1.09521145,0.9122839247160902,447370.00000000093,0.06385987473012632
2015-06-17,1.08489675,0.9218415485160224,-1031470.0,0.06452890839612158
2015-06-18,1.08398005,0.9224625490109343,-91670.0,0.0645723784307654
2015-06-19,1.08654695,0.920488985772773,256689.99999999863,0.06443422900409412
2015-06-23,1.08517945,0.9213239340276854,-136749.9999999986,0.064492675381938
2015-06-24,1.08998735,0.9178283582832406,480790.0,0.06424798507982685
2015-06-25,1.08860135,0.9185269704102424,-138600.00000000186,0.06429688792871698
2015-06-26,1.09160315,0.9160729336480936,300180.0,0.06412510535536656
2015-06-29,1.08903725,0.9185895615599926,-256590.0,0.06430126930919948
2015-06-30,1.0941637,0.9141006048729271,512645.00000000093,0.0639870423411049
2015-07-01,1.0965229,0.9124561830856428,235919.99999999907,0.063871932815995
2015-07-02,1.09913145,0.9100694916881871,260854.99999999907,0.0637048644181731
2015-07-03,1.10180875,0.9078870539011421,267730.0,0.06355209377307995
2015-07-06,1.10375355,0.9058682529265705,194480.0,0.06341077770485992
2015-07-07,1.10882485,0.9016240481984148,507130.0,0.06311368337388903
2015-07-08,1.10817875,0.9020937732292738,-64610.0,0.06314656412604916
2015-07-09,1.09026905,0.9168857907137692,-1790970.0,0.06418200534996385
2015-07-10,1.084175,0.9225423017501787,-609405.0,0.0645779611225125
2015-07-13,1.08290695,0.9235518342550115,-126805.0,0.06464862839785081
2015-07-14,1.0825327,0.9234891010682633,-37425.0,0.06464423707477843
2015-07-15,1.0895354,0.9174440316487192,700270.0,0.06422108221541035
2015-07-16,1.09047855,0.916820693080116,94315.0,0.06417744851560812
2015-07-17,1.0936185,0.9147248332028034,313995.0,0.06403073832419623
2015-07-20,1.0865542,0.9202968429922778,-706430.0,0.06442077900945944
2015-07-21,1.08597115,0.9214120467196574,-58305.0,0.06449884327037601
2015-07-22,1.08518205,0.9216094202811409,-78910.0,0.06451265941967986
2015-07-23,1.08615795,0.9201323803780104,97590.0,0.06440926662646072
2015-07-24,1.08957135,0.9177555926007048,341340.0,0.06424289148204934
2015-07-27,1.0868517,0.9200734101993859,-271965.0,0.06440513871395702
2015-07-28,1.09213745,0.9152670298047192,528575.0,0.06406869208633036
2015-07-29,1.09375725,0.9148980726756325,161980.0,0.06404286508729427
2015-07-30,1.09297725,0.9148956211119673,-78000.0,0.06404269347783771
2015-07-31,1.09987725,0.9087360430448034,690000.0,0.06361152301313625
2015-08-03,1.10133365,0.9081940790604192,145640.0,0.06357358553422934
2015-08-04,1.1018621,0.9072577684630408,52845.0,0.06350804379241287
2015-08-05,1.10350565,0.9061862981852427,164355.0,0.06343304087296699
2015-08-06,1.10796815,0.9021273761344133,446250.0,0.06314891632940893
2015-08-07,1.11326245,0.8984088163577241,529430.0,0.0628886171450407
2015-08-10,1.10171115,0.9071931422315187,-1155130.0,0.0635035199562063
2015-08-11,1.0999799,0.9097204412553357,-173125.0,0.0636804308878735
2015-08-12,1.1151188,0.8971145047505252,1513890.0,0.06279801533253676
2015-08-13,1.1024836,0.9075483753227712,-1263520.0,0.063528386272594
2015-08-14,1.1071493000000001,0.9031166799274497,466570.0,0.06321816759492148
2015-08-17,1.0993655,0.9093825483881385,-778379.9999999995,0.06365677838716968
2015-08-18,1.1034381,0.9063519738896092,407260.00000000093,0.06344463817227264
2015-08-19,1.1030625,0.9061398606153324,-37560.00000000198,0.06342979024307327
2015-08-20,1.1046319,0.9052166608623199,156940.00000000047,0.0633651662603624
2015-08-21,1.1021735,0.907650202077985,-245840.0,0.06353551414545895
2015-08-24,1.0991561,0.9095470606950187,-301739.99999999953,0.06366829424865131
2015-08-25,1.1084513999999999,0.9021248022240759,929530.0000000005,0.06314873615568532
2015-08-26,1.1088194,0.9020082080093476,36800.0,0.06314057456065433
2015-08-27,1.107937,0.9025598928458929,-88240.0,0.0631791924992125
2015-08-28,1.1061224,0.9040666295158655,-181460.0,0.0632846640661106
2015-08-31,1.1086335999999999,0.9021329499665174,251120.0,0.06314930649765622
2015-09-01,1.1054056,0.9046728187373033,-322800.0,0.06332709731161124
2015-09-02,1.0988615,0.9097716136200968,-654410.0000000015,0.06368401295340678
2015-09-07,1.1042996,0.9056773180031941,543810.0000000015,0.06339741226022359
2015-09-08,1.1069244,0.9034006297087678,262480.000000002,0.06323804407961375
2015-09-09,1.1097894,0.9011126795768639,286499.999999998,0.06307788757038048
2015-09-10,1.1136549,0.8977933828513662,386550.000000002,0.06284553679959565
2015-09-11,1.1081088000000001,0.9027873436254635,-554610.0000000009,0.06319511405378245
2015-09-14,1.111455,0.8997259448200782,334620.000000001,0.06298081613740548
2015-09-15,1.109678,0.9011944005378136,-177700.0,0.06308360803764695
2015-09-16,1.109542,0.9012858458715398,-13600.000000001513,0.06309000921100778
2015-09-17,1.1057545,0.9047964082443255,-378750.0,0.0633357485771028
2015-09-18,1.1065057,0.9043117446209269,75119.99999999953,0.06330182212346488
2015-09-21,1.1114087,0.899565209449953,490300.0000000005,0.06296956466149672
2015-09-22,1.1062562,0.9035265971842689,-515250.0,0.06324686180289883
2015-09-23,1.0991312500000001,0.9093703322510391,-712494.9999999995,0.06365592325757274
2015-09-24,1.10327495,0.9063439716455087,414370.0,0.0634440780151856
2015-09-25,1.108403,0.9020362178738238,512805.0,0.06314253525116767
2015-09-28,1.11053875,0.9007014838518692,213575.0,0.06304910386963085
2015-09-29,1.10868015,0.9016342540271872,-185860.0,0.0631143977819031
2015-09-30,1.10706245,0.9030358675791054,-161770.0,0.06321251073053738
2015-10-08,1.09529095,0.912892688467845,-1177150.0,0.06390248819274916
2015-10-09,1.0920760999999999,0.9158196484658899,-321485.0,0.0641073753926123
2015-10-12,1.0812557,0.9248058530466012,-1082040.0,0.0647364097132621
2015-10-13,1.0844362,0.9219237609367891,318050.0,0.06453466326557523
2015-10-14,1.0870933,0.9198078950537181,265710.0,0.06438655265376027
2015-10-15,1.0873078999999999,0.9192940656459867,21460.0,0.06435058459521907
2015-10-16,1.089567,0.9183194333161705,225910.0,0.06428236033213193
2015-10-19,1.09307965,0.9149266478430917,351265.0,0.06404486534901643
2015-10-20,1.0962394,0.9125997934392798,315975.0,0.06388198554074959
2015-10-21,1.09217525,0.9155367693966696,-406415.0,0.06408757385776688
2015-10-22,1.08814905,0.9188344188693636,-402620.0,0.06431840932085545
2015-10-23,1.08667055,0.920376649574243,-147850.0,0.06442636547019702
2015-10-26,1.0894116,0.9180407111508635,274105.0,0.06426284978056045
2015-10-27,1.09227045,0.9157053548413765,285885.0,0.06409937483889636
2015-10-28,1.08969055,0.9180414109308372,-257990.0,0.06426289876515862
2015-10-29,1.0907229,0.917188316115853,103235.0,0.06420318212810971
2015-10-30,1.09073165,0.9170081385279322,875.0,0.06419056969695526
2015-11-02,1.08280135,0.9233022289822598,-793030.0,0.06463115602875819
2015-11-03,1.08724855,0.9195146776696093,444720.0,0.06436602743687264
2015-11-04,1.08556655,0.9214862967175987,-168200.0,0.0645040407702319
2015-11-05,1.09717295,0.9115044259886284,1160640.0,0.06380530981920399
2015-11-06,1.09507615,0.9133799051326248,-209680.0,0.06393659335928373
2015-11-09,1.0936732,0.9140625371454654,-140295.0,0.06398437760018258
2015-11-10,1.10091885,0.9081057609287007,724565.0,0.06356740326500905
2015-11-11,1.1017622,0.9080894225632355,84335.0,0.06356625957942649
2015-11-12,1.09877805,0.9102998553711552,-298415.0,0.06372098987598088
2015-11-13,1.10585745,0.9046226979797442,707939.9999999993,0.0633235888585821
2015-11-16,1.11155625,0.8994974388385653,569879.9999999993,0.06296482071869958
2015-11-17,1.11119465,0.8998935515033302,-36160.0,0.06299254860523312
2015-11-18,1.1076214,0.9025907679284636,-357325.00000000064,0.06318135375499247
2015-11-19,1.0957189,0.912803137739068,-1190249.9999999974,0.06389621964173475
2015-11-20,1.10219165,0.9072268874473872,647274.9999999973,0.06350588212131711
2015-11-23,1.0974021999999999,0.9115452839442093,-478945.0,0.06380816987609465
2015-11-24,1.092464,0.9155482468987537,-493819.9999999993,0.06408837728291275
2015-11-25,1.0835976999999999,0.9229467264465401,-886630.0000000007,0.06460627085125781
2015-11-26,1.0952135,0.9134312168358042,1161580.0,0.06394018517850629
2015-11-27,1.09357215,0.9145093901668948,-164135.0,0.06401565731168264
2015-11-30,1.09455405,0.9137524090290471,98190.0,0.06396266863203329
2015-12-01,1.09703175,0.9118601170841227,247770.0,0.06383020819588858
2015-12-02,1.09860885,0.9105718563982076,157710.0,0.06374002994787453
2015-12-03,1.0919581,0.9157056484127001,-665075.0,0.06409939538888901
2015-12-04,1.09123,0.9165352858700733,-72810.0,0.06415747001090512
2015-12-07,1.0930851,0.9150210720098554,185510.0,0.06405147504068988
2015-12-08,1.0941545,0.9140472392153027,106940.0,0.0639833067450712
2015-12-09,1.085823,0.9208163761497039,-833150.0,0.06445714633047928
2015-12-10,1.08267045,0.9237341796850556,-315255.0,0.06466139257795389
2015-12-11,1.0801934,0.9256539153081291,-247705.0,0.06479577407156903
2015-12-14,1.0860169,0.920869049091225,582350.0,0.06446083343638574
2015-12-15,1.0859494,0.9208149108973217,-6750.0,0.06445704376281253
2015-12-16,1.08386925,0.9228841486184796,-208015.0,0.06460189040329357
2015-12-17,1.0853512,0.92162195978592,148195.0,0.0645135371850144
2015-12-18,1.0896069,0.9183632647700745,425570.0,0.06428542853390522
2015-12-21,1.0852382,0.9215232195107028,-436870.0,0.0645066253657492
2015-12-22,1.09891285,0.9095941047554408,1367465.0,0.06367158733288086
2015-12-23,1.1011276,0.9081332626663794,221475.00000000058,0.06356932838664656
2015-12-24,1.0947132,0.9134089184272192,-641440.0000000006,0.06393862428990535
2015-12-25,1.089795,0.9177354456572108,-491820.00000000116,0.06424148119600476
2015-12-28,1.0924855,0.9153705930193123,269050.0000000013,0.06407594151135187
2015-12-29,1.0932505,0.9144231811464985,76500.0,0.0640096226802549
2015-12-30,1.0906373999999999,0.9170046800155579,-261310.00000000122,0.06419032760108906
2015-12-31,1.0908216,0.9167524735483786,18420.00000000061,0.0641726731483865
2016-01-04,1.0876474999999999,0.9196979719992001,-317410.0000000006,0.06437885803994402
2016-01-05,1.0898722,0.9174999600870635,222470.00000000186,0.06422499720609444
2016-01-06,1.08699285,0.9196061869220207,-287935.00000000186,0.06437243308454145
2016-01-07,1.08999375,0.9171681030281137,300090.00000000244,0.06420176721196796
2016-01-08,1.0895674,0.9175086369140634,-42635.00000000061,0.06422560458398444
2016-01-11,1.09827605,0.9105374281811937,870865.0,0.06373761997268355
2016-01-12,1.0976718,0.9110459975376975,-60425.0,0.06377321982763882
2016-01-13,1.08948805,0.9179238358786955,-818374.9999999993,0.06425466851150868
2016-01-14,1.0876832,0.9192677610539539,-180485.00000000064,0.06434874327377678
2016-01-15,1.08930925,0.918138260553649,162605.00000000064,0.06426967823875543
2016-01-18,1.0964295499999999,0.9121822738177752,712029.9999999987,0.06385275916724427
2016-01-19,1.09298205,0.9153083529596849,-344750.00000000064,0.06407158470717794
2016-01-20,1.09762795,0.9112933029812151,464590.0,0.06379053120868505
2016-01-21,1.09838095,0.9107150847800118,75300.00000000182,0.06375005593460084
2016-01-22,1.10679055,0.903384023291489,840959.9999999976,0.06323688163040424
2016-01-25,1.10459205,0.9050937855292368,-219849.99999999942,0.06335656498704659
2016-01-26,1.10744905,0.9030081790218701,285699.9999999994,0.06321057253153091
2016-01-27,1.10445195,0.9056033628262415,-299709.9999999994,0.06339223539783692
2016-01-28,1.10289975,0.9068943029500188,-155219.99999999825,0.06348260120650132
2016-01-29,1.10520905,0.9050055281396764,230929.99999999825,0.06335038696977734
2016-02-01,1.10602365,0.9043642059552705,81460.00000000116,0.06330549441686893
2016-02-02,1.10536495,0.9048134735953044,-65870.00000000176,0.06333694315167132
2016-02-03,1.1049644,0.9055193090383726,-40054.999999998836,0.06338635163268609
2016-02-04,1.09878545,0.909960766226018,-617895.0000000006,0.06369725363582125
2016-02-05,1.0954864500000001,0.91308842752003,-329900.0,0.0639161899264021
2016-02-15,1.09088935,0.9169090338997259,-459709.99999999825,0.06418363237298082
2016-02-16,1.09649165,0.9118964107022611,560229.9999999988,0.06383274874915827
2016-02-17,1.09110815,0.9164569983278009,-538350.0000000007,0.06415198988294607
2016-02-18,1.09231775,0.9151500101504347,120960.0,0.06406050071053043
2016-02-19,1.09096425,0.9164619280604291,-135350.00000000064,0.06415233496423003
2016-02-22,1.10681745,0.903872088391812,1585320.0000000005,0.06327104618742685
2016-02-23,1.11084265,0.9000391729647759,402520.00000000116,0.06300274210753432
2016-02-24,1.12327475,0.8901302196991431,1243209.9999999988,0.062309115378940017
2016-02-25,1.1161035,0.8961550608881703,-717124.9999999988,0.06273085426217193
2016-02-26,1.1154115,0.8966515048482108,-69200.0,0.06276560533937475
2016-02-29,1.1221329,0.8911475637154922,672139.9999999984,0.062380329460084455
2016-03-01,1.1052067,0.9049223100077117,-1692619.9999999995,0.06334456170053981
2016-03-02,1.0986691,0.9102848164201578,-653759.9999999995,0.06371993714941106
2016-03-03,1.0966038,0.9117745169221555,-206529.9999999989,0.06382421618455088
2016-03-04,1.0888128,0.9184080128374685,-779100.0000000022,0.0642885608986228
2016-03-07,1.1006854,0.9092216540711815,1187260.0,0.0636455157849827
2016-03-08,1.1098577,0.901268513972557,917230.000000001,0.06308879597807898
2016-03-09,1.088584,0.9187769616308893,-2127370.0,0.06431438731416225
2016-03-10,1.1118876500000001,0.8995536554435154,2330365.0,0.06296875588104607
2016-03-11,1.1115290500000001,0.8991490595769854,-35860.00000000058,0.06294043417038897
2016-03-14,1.11240185,0.8990666457449706,87279.99999999948,0.06293466520214795
2016-03-15,1.10919955,0.9015508525945579,-320230.0,0.06310855968161905
2016-03-16,1.10828455,0.9020490721448747,-91500.0,0.06314343505014124
2016-03-17,1.1067366,0.90338613541831,-154795.0,0.06323702947928171
2016-03-18,1.09971675,0.9094734166775217,-701985.0000000005,0.06366313916742652
2016-03-21,1.1014253,0.90833559025746,170855.00000000163,0.06358349131802221
2016-03-22,1.11101155,0.8999146768546196,958624.9999999977,0.06299402737982338
2016-03-23,1.12068535,0.8923595726490045,967380.0000000016,0.062465170085430316
2016-03-24,1.1273784500000001,0.8866754549015905,669309.9999999995,0.06206728184311134
2016-03-25,1.12928115,0.8856376465683501,190270.0,0.061994635259784506
2016-03-28,1.13691855,0.8794142729045982,763740.0,0.061558999103321875
2016-03-29,1.1411163,0.8764441889051975,419775.0,0.06135109322336382
2016-03-30,1.1367665,0.8796985572674776,-434980.0,0.06157889900872344
2016-03-31,1.1469357,0.8717620787285634,1016920.0,0.06102334551099944
2016-04-01,1.1580104,0.8635604222552751,1107470.0,0.06044922955786926
2016-04-05,1.1664940000000001,0.8572763340402951,848359.9999999995,0.060009343382820664
2016-04-06,1.1632542000000001,0.8591735581096548,-323980.00000000047,0.060142149067675836
2016-04-07,1.15955355,0.8624297256474269,-370065.0,0.06037008079531989
2016-04-08,1.15357915,0.8670999298140921,-597440.0,0.06069699508698644
2016-04-11,1.15986305,0.8625641622086332,628390.0,0.060379491354604325
2016-04-12,1.15927005,0.8631152422164274,-59300.0,0.060418066955149924
2016-04-13,1.1485527,0.8704755123556803,-1071735.0,0.06093328586489762
2016-04-14,1.1496081,0.8705890294266367,105540.0,0.06094123205986458
2016-04-15,1.1551493000000002,0.8656493147682295,554120.0,0.06059545203377607
2016-04-18,1.1627647,0.8600716034809106,761540.0,0.06020501224366375
2016-04-19,1.1673255500000002,0.856587735957634,456085.0,0.0599611415170344
2016-04-20,1.15778555,0.8633868335979836,-954000.0,0.06043707835185885
2016-04-21,1.1678013,0.856970188335978,1001575.0,0.05998791318351847
2016-04-22,1.15172545,0.8684068325485036,-1607585.0,0.06078847827839525
2016-04-25,1.14013015,0.8769640027500369,-1159530.0,0.061387480192502585
2016-04-26,1.12502575,0.88868525898185,-1510440.0,0.0622079681287295
2016-04-27,1.12496155,0.8892488814395478,-6420.0,0.06224742170076836
2016-04-28,1.15023915,0.8695618645913765,2527760.0,0.060869330521396356
2016-04-29,1.1488326500000001,0.8704501042862944,-140650.0,0.06093150730004061
2016-05-03,1.1465754000000001,0.8723571079581858,-225725.0,0.06106499755707301
2016-05-04,1.1409043,0.8763306440338599,-567110.0,0.06134314508237018
2016-05-05,1.1250784,0.8888634783140446,-1582590.0,0.06222044348198313
2016-05-06,1.1416902,0.8757000804596553,1661180.0,0.061299005632175885
2016-05-09,1.1093961,0.9013937402520164,-3229410.0,0.06309756181764115
2016-05-10,1.1060473,0.9039843051920112,-334880.0,0.06327890136344079
2016-05-11,1.0959559,0.9125608065069042,-1009140.0,0.0638792564554833
2016-05-12,1.0857700000000001,0.9205879698278641,-1018590.0,0.06444115788795049
2016-05-13,1.0811472,0.9253701993586072,-462280.0,0.0647759139551025
2016-05-16,1.0812704,0.9248165861194387,12320.0,0.06473716102836072
2016-05-17,1.0965843,0.9114575140278773,1531390.0,0.06380202598195141
2016-05-18,1.0863892,0.9207035563313773,-1019510.0000000014,0.06444924894319642
2016-05-19,1.088675,0.9181079752910648,228579.99999999948,0.06426755827037454
2016-05-20,1.0964447,0.9118481762007696,776970.0000000009,0.06382937233405386
2016-05-23,1.0766349,0.9290521791556264,-1980980.000000001,0.06503365254089385
2016-05-24,1.0774571,0.9281621514211563,82220.00000000186,0.06497135059948095
2016-05-25,1.066293,0.9379870260800737,-1116410.0000000005,0.06565909182560516
2016-05-26,1.0739962,0.9312464047824378,770319.9999999995,0.06518724833477064
2016-05-27,1.0900269,0.9176195559944438,1603070.000000001,0.06423336891961107
2016-05-30,1.0870440000000001,0.9201464706120451,-298290.0000000014,0.06441025294284317
2016-05-31,1.0824928,0.9242983417534048,-455119.99999999907,0.06470088392273833
2016-06-01,1.0843011,0.9227395416273211,180830.0,0.06459176791391248
2016-06-02,1.0787148,0.9268430358052008,-558630.0000000005,0.06487901250636405
2016-06-03,1.0816847,0.9242364249027466,296990.00000000047,0.06469654974319226
2016-06-06,1.0934667,0.9148570322260385,1178200.000000001,0.0640399922558227
2016-06-07,1.0895585,0.9183238899058656,-390820.0000000014,0.06428267229341059
2016-06-08,1.0886374,0.9188990751190433,-92110.00000000047,0.06432293525833303
2016-06-13,1.0848419,0.9214047687501745,-379549.99999999814,0.06449833381251222
2016-06-14,1.0745199,0.9306480038201247,-1032200.0000000019,0.06514536026740873
2016-06-15,1.0823834,0.9235344887957446,786350.0000000014,0.06464741421570214
2016-06-16,1.084505,0.922464165679273,212159.99999999953,0.06457249159754912
2016-06-17,1.087699,0.9191340619049939,319399.99999999907,0.06433938433334958
2016-06-20,1.0730618,0.9320786556748176,-1463719.9999999995,0.06524550589723724
2016-06-21,1.0767288000000002,0.9288236740765177,366700.00000000134,0.06501765718535624
2016-06-22,1.0861507000000001,0.9204927087926197,942189.9999999986,0.06443448961548337
2016-06-23,1.0832858,0.9228196289474117,-286489.99999999907,0.06459737402631882
2016-06-24,1.0862655,0.9207910957312001,297969.9999999991,0.06445537670118401
2016-06-27,1.103075,0.9067426965528183,1680950.0,0.06347198875869728
2016-06-28,1.1040408,0.9058223210591493,96580.00000000045,0.06340756247414045
2016-06-29,1.09624635,0.9121981113095611,-779445.0,0.06385386779166928
2016-06-30,1.10472935,0.904946763657542,848300.0000000017,0.06334627345602795
2016-07-01,1.1114602,0.8999199431522604,673084.9999999983,0.06299439602065823
2016-07-04,1.10690055,0.9034012134152432,-455964.9999999982,0.06323808493906702
2016-07-05,1.1097385,0.9007243147822662,283795.0,0.06305070203475864
2016-07-06,1.12445895,0.8888049670465961,1472045.0,0.062216347693261724
2016-07-07,1.1309852,0.8840964939240584,652625.0,0.06188675457468409
2016-07-08,1.1433682,0.8748603468244088,1238300.0,0.06124022427770862
2016-07-11,1.1463780000000001,0.8729505014925268,300980.0,0.06110653510447688
2016-07-12,1.15044455,0.8698160202506066,406655.00000000093,0.060887121417542475
2016-07-13,1.144687,0.8735742172314354,-575755.0000000009,0.06115019520620048
2016-07-14,1.13856105,0.8780740391567058,-612595.0,0.06146518274096941
2016-07-15,1.14032605,0.8768692077147584,176500.0,0.06138084454003309
2016-07-18,1.14317855,0.8750163305635852,285250.0,0.06125114313945097
2016-07-19,1.1409716,0.8761397742064746,-220695.00000000044,0.06132978419445322
2016-07-20,1.1440701,0.874482429005006,309849.99999999866,0.06121377003035042
2016-07-21,1.15173485,0.8684923878095726,766475.0000000009,0.06079446714667009
2016-07-22,1.1617494000000002,0.8610832077899072,1001455.0,0.060275824545293503
2016-07-25,1.1641409,0.8591778709948255,239150.0,0.06014245096963779
2016-07-26,1.1597901000000002,0.8625285730581767,-435080.0,0.060377000114072356
2016-07-27,1.1566977,0.8648022728842636,-309240.0,0.060536159101898454
2016-07-28,1.16488655,0.8584580618601871,818885.0,0.0600920643302131
2016-07-29,1.16198285,0.8606658007043736,-290370.0,0.06024660604930616
2016-08-01,1.15896565,0.862771472131206,-301720.0,0.060394003049184415
2016-08-02,1.15853255,0.8630730314828012,-43310.00000000087,0.06041511220379609
2016-08-03,1.1624255000000001,0.8603041227158214,389295.0,0.060221288590107495
2016-08-04,1.16594745,0.8580579682214666,352195.0,0.06006405777550266
2016-08-05,1.1717314,0.8532965831589049,578394.9999999995,0.05973076082112334
2016-08-08,1.1807609000000001,0.8465368390840178,902950.0000000014,0.05925757873588126
2016-08-09,1.1837401,0.8448665378489755,297920.0000000004,0.05914065764942829
2016-08-10,1.1871239,0.8419753826875189,338379.99999999837,0.05893827678812634
2016-08-11,1.20529975,0.8301753567940258,1817585.000000001,0.05811227497558181
2016-08-12,1.21123785,0.8252116213178113,593810.0,0.0577648134922468
2016-08-15,1.2117016500000002,0.825707384321875,46380.0,0.057799516902531246
2016-08-16,1.22201905,0.8186909197528466,1031740.0000000022,0.05730836438269927
2016-08-17,1.2181809000000001,0.8208044880690544,-383815.0000000015,0.05745631416483381
2016-08-18,1.2342764000000002,0.8102032089408822,1609550.0,0.05671422462586176
2016-08-19,1.241621,0.8053420085517238,734460.0,0.05637394059862067
2016-08-22,1.2489729,0.8005827828610211,735190.0,0.05604079480027148
2016-08-23,1.25008345,0.8005296366414577,111055.0,0.05603707456490204
2016-08-24,1.2472479,0.8019425007650843,-283555.0,0.056135975053555914
2016-08-25,1.24612345,0.80252165224882,-112445.0,0.05617651565741741
2016-08-26,1.25059015,0.7995073365962461,446670.0,0.05596551356173723
2016-08-29,1.2498239500000001,0.8004607368901835,-76620.0,0.056032251582312856
2016-08-30,1.2555467,0.796596295462367,572275.0,0.055761740682365696
2016-08-31,1.2457742500000002,0.8029087131958297,-977245.0,0.056203609923708084
2016-09-01,1.24479255,0.8033438182129222,-98170.0,0.05623406727490456
2016-09-02,1.2510886500000002,0.7988533026816285,629610.0,0.05591973118771399
2016-09-05,1.25717815,0.7957932612812272,608950.0,0.05570552828968591
2016-09-06,1.26051135,0.7938359301564399,333320.0000000014,0.0555685151109508
2016-09-07,1.23704045,0.8080913603108127,-2347090.000000002,0.056566395221756896
2016-09-08,1.23978845,0.8062408550426486,274800.0,0.05643685985298541
2016-09-09,1.23741455,0.808403861098934,-237390.0,0.05658827027692538
2016-09-12,1.23147805,0.8123927990433935,-593650.0,0.05686749593303754
2016-09-13,1.22788555,0.8143194616143173,-359250.0,0.05700236231300222
2016-09-14,1.23050505,0.8123118226942668,261950.0,0.05686182758859869
2016-09-19,1.2312414500000002,0.8125628811473168,73640.0,0.05687940168031218
2016-09-20,1.24374495,0.8042325719593877,1250350.0,0.056296280037157136
2016-09-21,1.2539558,0.7978051140239553,1021085.0,0.05584635798167687
2016-09-22,1.2558441500000002,0.7961092942942004,188835.0,0.055727650600594036
2016-09-23,1.2632884500000001,0.792250376388702,744430.0,0.05545752634720914
2016-09-26,1.272645,0.7855273858774442,935655.0,0.054986917011421096
2016-09-27,1.2706818500000001,0.786801314585551,-196315.0,0.05507609202098858
2016-09-28,1.2797314000000002,0.7807370359123798,904955.0,0.05465159251386659
2016-09-29,1.2855367500000001,0.778029138412418,580535.0,0.054462039688869264
2016-09-30,1.2915896500000001,0.7742111436089628,605290.0,0.0541947800526274
2016-10-10,1.2839563,0.7790392476753297,-763335.0,0.054532747337273084
2016-10-11,1.28527375,0.778694772222649,131745.0,0.05450863405558544
2016-10-12,1.2933105,0.7724149769138966,803675.0,0.05406904838397276
2016-10-13,1.3003079,0.7684939467029309,699740.0,0.05379457626920516
2016-10-14,1.3124382,0.7624615772384559,1213030.0,0.053372310406691915
2016-10-17,1.32302695,0.7557048252116104,1058875.0,0.05289933776481273
2016-10-18,1.3210503500000002,0.7565112487953242,-197660.0,0.05295578741567269
2016-10-19,1.3343449,0.74889063539719,1329455.0,0.052422344477803307
2016-10-20,1.3352819,0.7492716332034457,93700.0,0.0524490143242412
2016-10-21,1.3405010000000002,0.7456145500823945,521910.0,0.05219301850576762
2016-10-24,1.34133845,0.7449250411035335,83745.0,0.052144752877247354
2016-10-25,1.3577461,0.7367858025885694,1640765.0,0.05157500618119986
2016-10-26,1.3566603000000002,0.7373029932400911,-108580.0,0.05161120952680639
2016-10-27,1.3487518,0.741741141698569,-790850.0,0.051921879918899835
2016-10-28,1.3583897,0.7361707763243494,963790.0,0.05153195434270446
2016-10-31,1.3535717,0.7394563583148199,-481799.99999999884,0.0517619450820374
2016-11-01,1.3527095,0.7385787561926637,-86220.00000000058,0.051700512933486466
2016-11-02,1.3618525000000001,0.7348800255534281,914300.0000000006,0.05144160178873997
2016-11-03,1.3658177,0.7320769821624071,396519.9999999994,0.05124538875136851
2016-11-04,1.3924973,0.7181494714567849,2667959.9999999995,0.050270463001974935
2016-11-07,1.3887759000000002,0.7200497214849423,-372140.0,0.05040348050394596
2016-11-08,1.3771650500000001,0.7260384657597867,-1161085.0,0.05082269260318507
2016-11-09,1.3904885500000002,0.719045546976996,1332350.000000001,0.050333188288389716
2016-11-10,1.36321325,0.7334387338151239,-2727530.0000000005,0.05134071136705867
2016-11-11,1.3645631,0.7329559915550992,134984.9999999986,0.05130691940885695
2016-11-14,1.401863,0.7134142565999674,3729990.0,0.049938997961997716
2016-11-15,1.40175825,0.7130382146850215,-10474.999999999069,0.049912675027951506
2016-11-16,1.41185065,0.7084495091601934,1009240.0000000005,0.049591465641213535
2016-11-17,1.39709385,0.7152670523887855,-1475680.0000000026,0.05006869366721499
2016-11-18,1.3837538500000002,0.7229574826476545,-1334000.0,0.05060702378533581
2016-11-21,1.3719440500000002,0.7278933131420338,-1180979.9999999974,0.05095253191994237
2016-11-22,1.38943985,0.7195026110702093,1749579.9999999972,0.050365182774914655
2016-11-23,1.38710605,0.7205333002476632,-233379.99999999756,0.05043733101733642
2016-11-24,1.37959165,0.7254279916814516,-751440.0,0.050779959417701616
2016-11-25,1.3895503500000002,0.7201886567118636,995869.9999999981,0.05041320596983046
2016-11-28,1.38502835,0.7226976256478793,-452199.99999999814,0.050588833795351555
2016-11-29,1.38518745,0.7218286593630342,15909.999999999302,0.0505280061554124
2016-11-30,1.36608485,0.7319916475173559,-1910259.999999999,0.05123941532621491
2016-12-01,1.36839135,0.7315636714599226,230649.99999999744,0.051209457002194585
2016-12-02,1.34029645,0.7453915885549052,-2809490.000000001,0.05217741119884336
2016-12-05,1.34258585,0.7440783023297914,228940.00000000058,0.0520854811630854
2016-12-06,1.33958445,0.7459730515683427,-300140.0000000007,0.052218113609784
2016-12-07,1.35470105,0.738064313156028,1511660.0,0.051664501920921965
2016-12-08,1.3512803500000001,0.7398738537121479,-342069.9999999986,0.051791169759850354
2016-12-09,1.33066075,0.751996855697442,-2061959.9999999993,0.052639779898820946
2016-12-12,1.3104357500000001,0.7631932355325318,-2022500.0000000014,0.05342352648727723
2016-12-13,1.3147441500000001,0.7615680967281733,430840.0,0.053309766770972135
2016-12-14,1.31889995,0.7584060489197835,415580.0,0.05308842342438485
2016-12-15,1.3245584000000001,0.7549460635333255,565844.9999999986,0.05284622444733279
2016-12-16,1.321513,0.7560615748766755,-304539.9999999993,0.052924310241367276
2016-12-19,1.3193831500000002,0.7584086169358765,-212985.0000000007,0.053088603185511354
2016-12-20,1.33232725,0.751363488212074,1294410.000000002,0.05259544417484518
2016-12-21,1.32968865,0.7517411688819032,-263860.0000000007,0.052621881821733225
2016-12-22,1.3048302500000002,0.7664190801830352,-2485840.0,0.05364933561281246
2016-12-23,1.3024555000000002,0.7678724148349021,-237474.99999999927,0.05375106903844315
2016-12-26,1.2776075500000001,0.7825645285205147,-2484795.0,0.05477951699643604
2016-12-27,1.2741007500000001,0.785012135029353,-350680.0,0.05495084945205471
2016-12-28,1.26942135,0.7879171088464835,-467940.0000000022,0.055154197619253845
2016-12-29,1.2632278000000001,0.7914500456687226,-619354.9999999986,0.055401503196810586
2016-12-30,1.2666726000000001,0.7896116170824252,344479.99999999924,0.05527281319576977
2017-01-03,1.26359835,0.7918082909810701,-307424.9999999993,0.055426580368674906
2017-01-04,1.270426,0.7864852419582093,682765.0000000003,0.05505396693707466
2017-01-05,1.278848,0.7823767171704534,842200.0000000003,0.054766370201931744
2017-01-06,1.2882993,0.7763909364850233,945129.9999999993,0.054347365553951636
2017-01-09,1.2931927,0.7735201412751557,489339.9999999993,0.0541464098892609
2017-01-10,1.3190081,0.7584321127368361,2581540.0,0.053090247891578526
2017-01-11,1.3108763,0.7629612344048023,-813179.9999999993,0.05340728640833616
2017-01-12,1.3092475000000001,0.7643016312805638,-162880.0000000007,0.053501114189639466
2017-01-13,1.30962795,0.7635434552232945,38045.000000001455,0.05344804186563062
2017-01-16,1.32776065,0.7533773500517582,1813269.9999999993,0.05273641450362307
2017-01-17,1.2986903,0.7693223318908288,-2907034.9999999995,0.05385256323235802
2017-01-18,1.2995297000000001,0.7685570402892677,83939.9999999989,0.05379899282024874
2017-01-19,1.3000539500000001,0.7686919454381105,52425.0,0.05380843618066773
2017-01-20,1.2846523,0.778251710599047,-1540164.9999999988,0.054477619741933284
2017-01-23,1.2838201,0.7790316961075777,-83220.0000000011,0.05453221872753043
2017-01-24,1.3009636500000001,0.7685423032380652,1714354.9999999995,0.05379796122666456
2017-01-25,1.28798955,0.7765606483375583,-1297409.9999999986,0.05435924538362908
2017-01-26,1.3055539500000002,0.7657473289403322,1756440.0,0.05360231302582326
2017-02-03,1.2839281,0.77932736264593,-2162585.0000000014,0.0545529153852151
2017-02-06,1.2732153,0.7853239746647719,-1071280.0,0.054972678226534046
2017-02-07,1.28426265,0.7779840439959848,1104735.0,0.05445888307971893
2017-02-08,1.2918871,0.7737537591326672,762445.0,0.05416276313928671
2017-02-09,1.28193,0.7803368358646728,-995710.0,0.0546235785105271
2017-02-10,1.29184775,0.7740617654054047,991775.0,0.05418432357837834
2017-02-13,1.28965345,0.7752833910536199,-219430.0,0.0542698373737534
2017-02-14,1.2922620500000002,0.773834610402743,260860.0,0.05416842272819201
2017-02-15,1.30595995,0.7661749504645988,1369790.0000000007,0.053632246532521924
2017-02-16,1.3140777,0.7607032293448097,811774.9999999979,0.05324922605413668
2017-02-17,1.32587215,0.7536125560824247,1179445.0000000014,0.052752878925769735
2017-02-20,1.33327365,0.7503299866460272,740150.0000000007,0.05252309906522191
2017-02-21,1.3242566500000001,0.7552167474484648,-901700.0000000014,0.05286517232139254
2017-02-22,1.31673375,0.7595349477447509,-752289.9999999986,0.05316744634213257
2017-02-23,1.33018365,0.7514738284446663,1344989.9999999986,0.05260316799112664
2017-02-24,1.33251865,0.7504512601005622,233500.0000000014,0.05253158820703935
2017-02-27,1.3393054,0.7470428327997483,678674.9999999987,0.05229299829598238
2017-02-28,1.34310095,0.7446257855747924,379554.9999999993,0.052123804990235466
2017-03-01,1.36059635,0.7355046924828219,1749540.000000001,0.05148532847379754
2017-03-02,1.36249835,0.7340069072377226,190200.0,0.05138048350664058
2017-03-03,1.35859475,0.7361129946954381,-390359.9999999987,0.05152790962868067
2017-03-06,1.35170325,0.7396548761719705,-689150.0000000019,0.051775841332037935
2017-03-07,1.3573111,0.7366484735887004,560784.9999999993,0.05156539315120903
2017-03-08,1.36977175,0.7302476489239904,1246065.0000000007,0.05111733542467933
2017-03-09,1.3655252500000001,0.7324549289733017,-424650.00000000186,0.05127184502813111
2017-03-10,1.37835275,0.725821165880795,1282749.9999999993,0.05080748161165565
2017-03-13,1.3960987999999999,0.7160600668090252,1774605.0000000014,0.05012420467663178
2017-03-14,1.3928571,0.7182906990243292,-324170.00000000186,0.050280348931703044
2017-03-15,1.3896846,0.7197939014363403,-317249.9999999994,0.05038557310054382
2017-03-16,1.3816386999999999,0.7233939668887387,-804589.9999999994,0.050637577682211714
2017-03-17,1.3835069,0.7230271132005196,186820.0,0.05061189792403637
2017-03-20,1.3883711,0.7201541432258277,486420.0,0.05041079002580794
2017-03-21,1.3889426999999999,0.7197507499769429,57159.99999999872,0.050382552498386
2017-03-22,1.41520985,0.7064894298184824,2626715.0000000005,0.04945426008729376
2017-03-23,1.4019621500000001,0.7132064870652892,-1324769.9999999993,0.04992445409457024
2017-03-24,1.40217645,0.712803727376822,21429.999999998807,0.049896260916377534
2017-03-27,1.39843125,0.7149523439210902,-374519.99999999814,0.05004666407447631
2017-03-28,1.3978103499999999,0.7150276144399703,-62090.00000000183,0.050051933010797925
2017-03-29,1.4090175999999999,0.7098429075690751,1120725.0000000012,0.04968900352983526
2017-03-30,1.41130765,0.7082566299417423,229005.0,0.04957796409592196
2017-03-31,1.4121902,0.7082091350017866,88255.0,0.04957463945012506
2017-04-05,1.40584065,0.7115144593379058,-634955.0,0.049806012153653406
2017-04-06,1.4011171,0.7138140702158299,-472355.0,0.0499669849151081
2017-04-07,1.385302,0.721942580029481,-1581510.0,0.050535980602063664
2017-04-10,1.3815597,0.7245602922551954,-374230.0,0.05071922045786367
2017-04-11,1.3895658499999999,0.7196362806411801,800615.0,0.05037453964488261
2017-04-12,1.36854205,0.7308605533896456,-2102380.0,0.051160238737275196
2017-04-13,1.3685524,0.7306591987270638,1035.0,0.05114614391089447
2017-04-14,1.3705381,0.7295374349680611,198570.0,0.051067620447764285
2017-04-17,1.37531775,0.7275320921292552,477965.0,0.05092724644904787
2017-04-18,1.35966715,0.7356062106817834,-1565060.0,0.05149243474772484
2017-04-19,1.3557752,0.737776845305918,-389195.0,0.051644379171414255
2017-04-20,1.3705873,0.7295853755539687,1481210.0,0.05107097628877781
2017-04-21,1.37149645,0.7293673271994251,90915.0000000021,0.051055712903959764
2017-04-24,1.35773095,0.7359324025131784,-1376550.0000000007,0.05151526817592249
2017-04-25,1.36224575,0.7341601175852448,451479.99999999854,0.051391208230967135
2017-04-26,1.3541569500000001,0.7383397471024316,-808879.9999999979,0.05168378229717021
2017-04-27,1.35725625,0.7364438366004946,309929.9999999978,0.05155106856203462
2017-04-28,1.3537086,0.7381011688926258,-354764.9999999972,0.051667081822483814
2017-05-02,1.35250205,0.7384583631499856,-120655.00000000215,0.051692085420498995
2017-05-03,1.34588485,0.7430235580703654,-661719.9999999986,0.05201164906492558
2017-05-04,1.33847515,0.7478078692757202,-740969.9999999993,0.05234655084930042
2017-05-05,1.33683185,0.7480267619297072,-164330.00000000186,0.052361873335079495
2017-05-08,1.338468,0.7467392571208277,163615.00000000035,0.05227174799845794
2017-05-09,1.33834405,0.7466656275716248,-12395.0,0.05226659393001373
2017-05-10,1.35518315,0.73801902716987,1683910.0000000007,0.0516613319018909
2017-05-11,1.3429863499999999,0.7446632648202269,-1219679.9999999993,0.05212642853741589
2017-05-12,1.33851135,0.7475443521640665,-447500.00000000186,0.05232810465148465
2017-05-15,1.32851605,0.7528510476030756,-999530.0000000005,0.052699573332215296
2017-05-16,1.3275727,0.7530021519725436,-94335.0,0.05271015063807805
2017-05-17,1.3416886,0.745892303176758,1411590.0,0.052212461222373066
2017-05-18,1.33875395,0.7471539859882392,-293465.0,0.05230077901917675
2017-05-19,1.3398942,0.7465985000905295,114025.0,0.052261895006337065
2017-05-22,1.34185865,0.7451783390150669,196445.0,0.052162483731054685
2017-05-23,1.35867375,0.7355158661157618,1681510.0,0.05148611062810333
2017-05-24,1.34822245,0.7415010779563862,-1045130.0,0.05190507545694704
2017-05-25,1.3462135499999999,0.7423799886726739,-200890.0,0.05196659920708717
2017-05-26,1.36016065,0.7351416907995391,1394710.0,0.051459918355967735
2017-05-31,1.33978695,0.7470210842104411,-2037370.0,0.05229147589473088
2017-06-01,1.33547025,0.749342637920987,-431670.0,0.052453984654469085
2017-06-02,1.3426984499999999,0.7449350596926659,722820.0,0.05214545417848662
2017-06-05,1.34175235,0.7447783117353959,-94610.0,0.05213448182147771
2017-06-06,1.34281775,0.7449232779355203,106540.0,0.052144629455486424
2017-06-07,1.3402983,0.7467005292776988,-251945.0,0.05226903704943892
2017-06-08,1.3392023499999999,0.7465276998655207,-109595.0,0.052256938990586456
2017-06-09,1.33836475,0.7474611087896629,-83760.0,0.05232227761527641
2017-06-12,1.3363926,0.7485765410553755,-197215.0,0.052400357873876285
2017-06-13,1.33290375,0.7503159924338123,-348885.0,0.052522119470366856
2017-06-14,1.3537553500000001,0.7388213830512286,2085160.0,0.051717496813586006
2017-06-15,1.35776425,0.7362392992745243,400890.0,0.0515367509492167
2017-06-16,1.35881755,0.7356854494556683,105330.0,0.05149798146189678
2017-06-19,1.3710366,0.7295317280370196,1221905.0,0.05106722096259137
2017-06-20,1.3725399,0.7287112017654277,150330.0,0.05100978412357994
2017-06-21,1.37862375,0.7256063157188464,608385.0,0.05079244210031925
2017-06-22,1.38196035,0.7240414676151888,333660.0,0.050682902733063216
2017-06-23,1.38173345,0.7239694095847502,-22690.0,0.05067785867093252
2017-06-26,1.3759918500000001,0.7265042667222193,-574160.0,0.050855298670555354
2017-06-27,1.38505735,0.7219977208885971,906550.0,0.0505398404622018
2017-06-28,1.3918968,0.7189818239398208,683945.0,0.05032872767578746
2017-06-29,1.3927383500000001,0.7177540562446636,84155.0,0.05024278393712645
2017-06-30,1.39518715,0.7166829195638735,244880.0,0.050167804369471145
2017-07-03,1.40015965,0.7140401453505677,497250.0,0.04998281017453973
2017-07-04,1.4024409,0.7132770086782266,228125.0,0.049929390607475865
2017-07-05,1.40004015,0.7138964550409501,-240075.0,0.04997275185286651
2017-07-06,1.39684475,0.7156698695399041,-319540.0,0.050096890867793294
2017-07-07,1.39488885,0.7166958141503532,-195590.0,0.05016870699052474
2017-07-10,1.39848925,0.7148514727589075,360040.0,0.050039603093123525
2017-07-11,1.40122885,0.7135520725254836,273960.0,0.04994864507678385
2017-07-12,1.3967185500000001,0.7158343389940658,-451030.0,0.050108403729584604
2017-07-13,1.40501115,0.7116426086725361,829260.0,0.04981498260707753
2017-07-14,1.39405035,0.717290376204848,-1096079.9999999986,0.05021032633433936
2017-07-17,1.40316055,0.7129576155772054,911019.9999999993,0.04990703309040438
2017-07-18,1.3917519,0.7187121138473028,-1140864.9999999981,0.0503098479693112
2017-07-19,1.39066145,0.7188557646435083,-109044.99999999942,0.05031990352504559
2017-07-20,1.38168225,0.7236541542022416,-897920.0000000019,0.050655790794156906
2017-07-21,1.37802155,0.72569852046218,-366070.0000000007,0.050798896432352594
2017-07-24,1.38018165,0.7243215412985675,216010.0000000025,0.05070250789089972
2017-07-25,1.38487405,0.722014395460728,469239.9999999987,0.05054100768225096
2017-07-26,1.39154985,0.7186594860399719,667579.9999999987,0.050306164022798035
2017-07-27,1.38518735,0.7223902961574115,-636249.9999999974,0.05056732073101881
2017-07-28,1.3868549,0.7206634234050008,166754.99999999875,0.050446439638350056
2017-07-31,1.38378275,0.7225322038448593,-307215.0000000013,0.050577254269140164
2017-08-01,1.3868448500000001,0.7208910931889749,306210.0000000005,0.05046237652322824
2017-08-02,1.3888436,0.7200966689121799,199875.00000000128,0.050406766823852596
2017-08-03,1.4023987,0.7125470096342787,1355509.9999999986,0.04987829067439952
2017-08-04,1.4005114,0.714170338063653,-188729.99999999872,0.04999192366445571
2017-08-07,1.4082737,0.7106588371280383,776229.9999999987,0.04974611859896269
2017-08-08,1.4095425,0.7093857049361761,126880.0,0.04965699934553233
2017-08-09,1.4156202,0.7069360835625261,607770.0000000007,0.04948552584937683
2017-08-10,1.4127113,0.7076002719026881,-290890.0000000006,0.049532019033188164
2017-08-11,1.4043278,0.7124508252275573,-838350.0,0.04987155776592902
2017-08-14,1.4067744,0.710672372201257,244660.00000000128,0.04974706605408799
2017-08-15,1.40809305,0.7101017933438418,131865.0,0.04970712553406893
2017-08-16,1.40400925,0.7126095501151435,-408380.0,0.049882668508060043
2017-08-17,1.4080219999999999,0.7105556944422743,401275.0,0.04973889861095921
2017-08-18,1.4190178,0.7043262248014084,1099580.0,0.04930283573609859
2017-08-21,1.41795325,0.7057399812017779,-106455.0,0.04940179868412447
2017-08-22,1.41131165,0.7091217591805467,-664160.0000000026,0.049638523142638266
2017-08-23,1.3999487,0.7145008956399617,-1136295.0,0.050015062694797316
2017-08-24,1.40656925,0.7110843280556574,662055.0000000019,0.04977590296389603
2017-08-25,1.40607035,0.7112074797679931,-49890.0,0.04978452358375952
2017-08-28,1.4082010999999999,0.7094662118926054,213075.0,0.04966263483248238
2017-08-29,1.4087227,0.7102094684780759,52160.0,0.049714662793465314
2017-08-30,1.4069658,0.7110839865475053,-175690.0,0.04977587905832537
2017-08-31,1.41010005,0.7090380572640927,313425.0,0.04963266400848649
2017-09-01,1.41013835,0.7092317572953036,3830.0,0.04964622301067126
2017-09-04,1.39926155,0.7150919711900895,-1087680.0,0.05005643798330627
2017-09-05,1.40229475,0.7123843257631821,303320.0,0.04986690280342274
2017-09-06,1.39100135,0.719164614757563,-1129340.0,0.05034152303302941
2017-09-07,1.3941501,0.717433510208119,314875.0,0.05022034571456832
2017-09-08,1.3852583,0.7215195895234845,-889180.0,0.05050637126664392
2017-09-11,1.3865053,0.7209366599608382,124700.0,0.05046556619725868
2017-09-12,1.3838522,0.7232173349148124,-265310.0,0.05062521344403687
2017-09-13,1.38806325,0.7212225739713229,421104.99999999884,0.05048558017799261
2017-09-14,1.3867737,0.7206774616507365,-128955.0,0.05044742231555156
2017-09-15,1.3858169,0.7215108648191547,-95680.0,0.05050576053734083
2017-09-18,1.3809246499999999,0.7240245874385688,-489225.0,0.05068172112069982
2017-09-19,1.38216395,0.7245837586778326,123930.0,0.05072086310744829
2017-09-20,1.3824531,0.7236713491401625,28915.0,0.05065699443981138
2017-09-21,1.36479205,0.7328720151908856,-1766105.0,0.051301041063362
2017-09-22,1.35211065,0.7390343386467668,-1268140.0,0.05173240370527368
2017-09-25,1.34309765,0.7448787509977401,-901300.0,0.052141512569841814
2017-09-26,1.3347391499999999,0.7500101049706979,-835850.0,0.05250070734794886
2017-09-27,1.33631765,0.7483303464561738,157849.99999999767,0.05238312425193217
2017-09-28,1.3334379,0.7501170845676428,-287974.99999999884,0.05250819591973499
2017-09-29,1.33679185,0.7486086932681404,335395.00000000116,0.05240260852876983
2017-10-09,1.31958625,0.7568889869836094,-1720560.0,0.052982229088852674
2017-10-10,1.31409925,0.7608405149002254,-548700.0,0.05325883604301578
2017-10-11,1.31699915,0.7591652583830445,289989.9999999994,0.053141568086813126
2017-10-12,1.3251480500000001,0.7551129098367537,814889.9999999981,0.052857903688572766
2017-10-13,1.33347865,0.7495068631207557,833060.0,0.0524654804184529
2017-10-16,1.32942555,0.7520464760136436,-405309.99999999756,0.052643253320955055
2017-10-17,1.3176414,0.7593373659935093,-1178415.0000000019,0.053153615619545645
2017-10-18,1.31126745,0.7625563343313372,-637395.0000000006,0.05337894340319361
2017-10-19,1.29924755,0.7699047036879154,-1201989.9999999995,0.05389332925815408
2017-10-20,1.3086913,0.7649898795842839,944374.9999999993,0.053549291570899875
2017-10-23,1.2977714,0.7706716298417425,-1091989.9999999988,0.05394701408892199
2017-10-24,1.29041415,0.7747013236021939,-735725.0000000012,0.054229092652153574
2017-10-25,1.29591975,0.7717933537165399,550560.0000000006,0.0540255347601578
2017-10-26,1.3017083999999999,0.7680303822269258,578865.0,0.053762126755884806
2017-10-27,1.3055494,0.7668072920105513,384099.9999999994,0.05367651044073859
2017-10-30,1.29877595,0.7697848501121383,-677345.0,0.053884939507849686
2017-10-31,1.29866145,0.770033098310572,-11450.00000000003,0.05390231688174005
2017-11-01,1.3049075,0.766472604380004,624605.0000000012,0.05365308230660028
2017-11-02,1.31476885,0.7604439365900706,986135.0,0.05323107556130494
2017-11-03,1.3052712,0.7655172733451868,-949764.9999999988,0.05358620913416308
2017-11-06,1.31297645,0.7614456451218147,770524.9999999988,0.05330119515852703
2017-11-07,1.31897105,0.7580174333621652,599460.0,0.053061220335351565
2017-11-08,1.3213423,0.7567670012531953,237125.0,0.05297369008772368
2017-11-09,1.32491815,0.7545931799636075,357585.0,0.052821522597452535
2017-11-10,1.3344937,0.7495960827690682,957555.0,0.05247172579383478
2017-11-13,1.32961055,0.7518506076835807,-488314.99999999884,0.052629542537850654
2017-11-14,1.3324782499999999,0.7503428292356742,286770.00000000116,0.052523998046497204
2017-11-15,1.3277196,0.7532308026483905,-475865.0,0.05272615618538734
2017-11-16,1.32962895,0.7525704445589877,190935.0,0.052679931119129136
2017-11-17,1.3250874000000001,0.7549115628146491,-454154.99999999884,0.052843809397025446
2017-11-20,1.33219715,0.7502945416149555,710974.9999999988,0.05252061791304688
2017-11-21,1.335586,0.7489173666091139,338885.0,0.05242421566263797
2017-11-22,1.3372145,0.7488195050233153,162850.00000000233,0.05241736535163207
2017-11-23,1.3367372,0.7489531973824025,-47730.00000000236,0.05242672381676818
2017-11-24,1.3284175999999999,0.7536006749684737,-831959.9999999988,0.052752047247793164
2017-11-27,1.3255506000000001,0.7544821751806381,-286700.0,0.05281375226264467
2017-11-28,1.3306556,0.7508532636093066,510500.0,0.05255972845265146
2017-11-29,1.3308526999999999,0.750887382202403,19710.0,0.05256211675416821
2017-11-30,1.326276,0.7535099783152225,-457670.0,0.052745698482065576
2017-12-01,1.3248047,0.7550063039480461,-147130.0,0.05285044127636322
2017-12-04,1.33531845,0.7485215979753743,1051375.0,0.05239651185827621
2017-12-05,1.34199615,0.7460405158390357,667770.0,0.052222836108732504
2017-12-06,1.3332769500000001,0.75004139237538,-871920.0,0.05250289746627661
2017-12-07,1.34934225,0.7410047376786727,1606530.0,0.05187033163750709
2017-12-08,1.34279795,0.7451380902093274,-654430.0,0.05215966631465292
2017-12-11,1.3267718,0.7530149872042804,-1602615.0,0.05271104910429963
2017-12-12,1.3275975500000001,0.7529067826315287,82575.0000000011,0.05270347478420701
2017-12-13,1.3275491,0.7532760935169931,-4845.000000000582,0.05272932654618952
2017-12-14,1.3289037000000001,0.7524851499773836,135460.0,0.05267396049841685
2017-12-15,1.33455035,0.7491885188145955,564665.0000000012,0.052443196317021684
2017-12-18,1.33691515,0.74849787587492,236479.99999999942,0.0523948513112444
2017-12-19,1.32886455,0.7524305618657673,-805060.0000000006,0.05267013933060371
2017-12-20,1.3311864500000001,0.751022818779443,232190.0,0.052571597314561014
2017-12-21,1.3356272,0.7488248592122113,444075.0,0.05241774014485479
2017-12-22,1.3398316000000001,0.746723170284982,420440.0,0.05227062191994875
2017-12-25,1.3292277000000001,0.7524187165223837,-1060390.0,0.052669310156566854
2017-12-26,1.3236791,0.7550369647749217,-554860.0,0.05285258753424452
2017-12-27,1.3198097500000001,0.7582589460336991,-386935.0,0.05307812622235894
2017-12-28,1.3198400000000001,0.7575312159049582,3025.0,0.05302718511334707
2017-12-29,1.31926895,0.7579048229703276,-57105.0,0.05305333760792294
2018-01-02,1.3168027,0.7602597944247836,-246625.00000000116,0.053218185609734854
2018-01-03,1.3206216,0.7573341977747449,381890.00000000244,0.05301339384423215
2018-01-04,1.3280706,0.7532189930264249,744900.0,0.052725329511849744
2018-01-05,1.3248628500000001,0.7550023762837036,-320775.0,0.052850166339859256
2018-01-08,1.334344,0.75011683643798,948115.0,0.0525081785506586
2018-01-09,1.33060705,0.7511026264290422,-373695.0,0.05257718385003296
2018-01-10,1.3222228,0.7559865856193071,-838425.0,0.0529190609933515
2018-01-11,1.3236369000000001,0.7555710708880963,141410.0,0.05288997496216674
2018-01-12,1.3149221500000001,0.7602844016278835,-871475.0,0.053219908113951844
2018-01-15,1.3075875,0.7646042043075512,-733465.0,0.053522294301528585
2018-01-16,1.3037067,0.7671225437439264,-388080.0,0.05369857806207485
2018-01-17,1.3033766,0.7669114206899219,-33010.0,0.05368379944829454
2018-01-18,1.30144775,0.7688568749686647,-192885.0,0.053819981247806535
2018-01-19,1.30103915,0.7690957647200701,-40860.0,0.05383670353040491
2018-01-22,1.2983867,0.7690187368678376,-265245.0,0.05383131158074864
2018-01-23,1.3002529,0.7697016095868734,186620.0,0.05387911267108114
2018-01-24,1.2933294,0.7724200810713806,-692350.0,0.05406940567499664
2018-01-25,1.2988806,0.7703714644748717,555120.0,0.05392600251324102
2018-01-26,1.293557,0.7736490931594047,-532359.9999999988,0.054155436521158326
2018-01-29,1.2931155,0.7734657886321833,-44150.00000000003,0.05414260520425283
2018-01-30,1.29407255,0.773096338377628,95704.99999999884,0.05411674368643397
2018-01-31,1.2909889,0.774813400796862,-308364.9999999994,0.05423693805578034
2018-02-01,1.29712885,0.7706464165067333,613995.0000000006,0.05394524915547134
2018-02-02,1.29896885,0.7700372491611327,183999.99999999942,0.05390260744127929
2018-02-05,1.3054807,0.7661776999077811,651185.0000000017,0.05363243899354468
2018-02-06,1.30864645,0.7642695244387817,316574.9999999983,0.05349886671071473
2018-02-07,1.3028842,0.766827704257984,-576224.9999999988,0.05367793929805888
2018-02-08,1.3042292500000001,0.7676211448255742,134504.99999999884,0.053733480137790196
2018-02-09,1.30834575,0.7640491819536235,411650.0,0.05348344273675365
2018-02-12,1.30715675,0.7652602490099217,-118900.0,0.05356821743069452
2018-02-13,1.3075253,0.764843747191737,36855.00000000058,0.05353906230342159
2018-02-14,1.31016575,0.7629911711552527,264045.00000000116,0.0534093819808677
2018-02-22,1.31789205,0.7587586555363165,772629.9999999988,0.05311310588754215
2018-02-23,1.31808135,0.7590165053166104,18930.000000001164,0.05313115537216274
2018-02-26,1.30695735,0.7654656060505723,-1112400.0000000005,0.05358259242354007
2018-02-27,1.30832035,0.7634637801055376,136300.00000000058,0.053442464607387635
2018-02-28,1.30703395,0.7644366468063052,-128640.00000000058,0.05351056527644137
2018-03-01,1.29985295,0.7688244658751592,-718100.0000000017,0.05381771261126114
2018-03-02,1.30127055,0.7687417117063012,141760.00000000058,0.053811919819441084
2018-03-05,1.3000164,0.7688713773149324,-125414.99999999814,0.05382099641204526
2018-03-06,1.29834435,0.7704065951378769,-167205.0000000006,0.0539284616596514
2018-03-07,1.2969322,0.7710045289954247,-141215.00000000122,0.053970317029679735
2018-03-08,1.301811,0.7683161380569069,487880.0,0.053782129663983484
2018-03-09,1.2901762,0.7752053556715741,-1163479.9999999995,0.05426437489701019
2018-03-12,1.29107835,0.7739577927241983,90215.0,0.05417704549069388
2018-03-13,1.2912189500000002,0.7749088177493058,14060.0,0.0542436172424514
2018-03-14,1.2960037,0.771253855216617,478475.0,0.053987769865163196
2018-03-15,1.2958431000000001,0.7709429096778769,-16060.000000001222,0.05396600367745138
2018-03-16,1.2978444,0.7717323047354521,200130.0,0.05402126133148165
2018-03-19,1.2970747,0.7718245911357303,-76970.0,0.054027721379501126
2018-03-20,1.29919425,0.7702399006153237,211955.0,0.05391679304307266
2018-03-21,1.3009027,0.7682409299327305,170844.99999999872,0.05377686509529114
2018-03-22,1.2974287000000002,0.7712160984260638,-347399.9999999987,0.053985126889824465
2018-03-23,1.28524195,0.7781469473510416,-1218674.9999999993,0.05447028631457291
2018-03-26,1.281895,0.7798941410957996,-334695.000000002,0.05459258987670597
2018-03-27,1.28412255,0.7793768593192293,222755.0,0.054556380152346054
2018-03-28,1.277887,0.7833097136131755,-623555.0,0.054831679952922284
2018-03-29,1.27918915,0.7823806979601101,130215.0,0.054766648857207716
2018-03-30,1.28956775,0.7749469153520627,1037860.0,0.05424628407464439
2018-04-02,1.28972415,0.775268882109403,15640.0,0.05426882174765821
2018-04-03,1.2967529,0.7713383174234659,702875.0,0.05399368221964261
2018-04-04,1.29670865,0.7712250165062137,-4425.0,0.05398575115543496
2018-04-09,1.2790663,0.7820800219660232,-1764235.0,0.054745601537621626
2018-04-10,1.27854045,0.7817367843152714,-52585.0,0.054721574902069
2018-04-11,1.2607386,0.7933418949812435,-1780185.0,0.05553393264868705
2018-04-12,1.2549066500000001,0.7963876834982108,-583195.0,0.05574713784487476
2018-04-13,1.2632933,0.7917373186416804,838665.0,0.055421612304917635
2018-04-16,1.2581234000000001,0.794234492419424,-516990.0,0.05559641446935968
2018-04-17,1.25926105,0.7946783155089249,113765.0000000007,0.05562748208562474
2018-04-18,1.2668718,0.7895836816321904,761075.0,0.05527085771425333
2018-04-19,1.2621082000000001,0.7925814125920424,-476360.000000002,0.05548069888144297
2018-04-20,1.2573435499999999,0.7960716066821991,-476465.0,0.05572501246775394
2018-04-23,1.2585262,0.7942534688590511,118265.0,0.055597742820133585
2018-04-24,1.2620242,0.7928003282345932,349800.00000000186,0.05549602297642153
2018-04-25,1.261343,0.7928063976253882,-68120.00000000186,0.05549644783377718
2018-04-26,1.2596435000000001,0.7941562831070854,-169949.99999999808,0.05559093981749598
2018-04-27,1.257215,0.795826966747931,-242850.00000000192,0.05570788767235517
2018-05-02,1.26634555,0.7897082672261138,913055.0,0.05527957870582797
2018-05-03,1.2634661,0.791725159859849,-287945.0,0.05542076119018943
2018-05-04,1.26721525,0.788862941793038,374915.0,0.05522040592551266
2018-05-07,1.26894435,0.7878928260329147,172909.99999999756,0.05515249782230403
2018-05-08,1.27082265,0.7859537284765895,187830.0,0.05501676099336127
2018-05-09,1.27287525,0.7858211556867022,205260.0,0.05500748089806916
2018-05-10,1.2733728,0.7853180152740815,49755.000000002474,0.05497226106918571
2018-05-11,1.27533525,0.783884159086797,196244.99999999753,0.05487189113607579
2018-05-14,1.26819425,0.7885431589048759,-714099.9999999976,0.05519802112334132
2018-05-15,1.27152955,0.7858898757012764,333529.9999999982,0.055012291299089355
2018-05-16,1.27245055,0.7857483341887038,92100.0000000012,0.05500238339320927
2018-05-17,1.2740434999999999,0.7851497613700004,159295.0000000006,0.054960483295900024
2018-05-18,1.2731063,0.7858917201179508,-93720.00000000058,0.05501242040825657
2018-05-21,1.271723,0.7860842337521614,-138330.00000000122,0.05502589636265131
2018-05-22,1.2707088,0.7873440397988902,-101419.99999999939,0.05511408278592232
2018-05-23,1.26634545,0.7894136232731755,-436335.0,0.0552589536291223
2018-05-24,1.2717,0.7859738932138083,535455.0,0.05501817252496659
2018-05-25,1.27083765,0.7865145874455325,-86235.0,0.05505602112118727
2018-05-28,1.28335475,0.7792585799055172,1251710.0,0.0545481005933862
2018-05-29,1.2833683,0.7794490482583994,1355.0,0.05456143337808796
2018-05-30,1.28371175,0.7790454905472354,34345.0,0.054533184338306485
2018-05-31,1.29029345,0.77460735772936,658170.0,0.0542225150410552
2018-06-01,1.29130495,0.774368982322882,101150.0,0.05420582876260174
2018-06-04,1.28817655,0.7763595758671433,-312840.0,0.05434517031070004
2018-06-05,1.2830086,0.7790941151914337,-516795.0,0.05453658806340036
2018-06-06,1.2858555,0.7777338511209074,284690.0,0.05444136957846352
2018-06-07,1.28893885,0.7759994199880003,308335.0,0.05431995939916001
2018-06-08,1.285274,0.7772922349631285,-366485.0,0.054410456447418994
2018-06-11,1.28182845,0.7800291840924579,-344555.0,0.05460204288647206
2018-06-12,1.2925776500000001,0.7732574518830648,1074920.0000000012,0.05412802163181454
2018-06-13,1.29270765,0.7733914160715302,13000.0,0.05413739912500711
2018-06-14,1.2928114499999999,0.7737888614770545,10379.999999998821,0.054165220303393824
2018-06-15,1.29567735,0.7721314260838164,286590.0,0.054049199825867145
2018-06-19,1.29302435,0.7736162509236582,-265300.0,0.05415313756465607
2018-06-20,1.2983325,0.7694072204154174,530815.0,0.053858505429079225
2018-06-21,1.2969184,0.7708188502838729,-141410.0,0.0539573195198711
2018-06-22,1.2956661,0.7721071038286793,-125230.0,0.054047497268007554
2018-06-25,1.2923822,0.7736588294082045,-328390.0,0.05415611805857432
2018-06-26,1.2834831,0.7783832136161356,-889910.0,0.0544868249531295
2018-06-27,1.28337645,0.778466481911835,-10665.0,0.05449265373382845
2018-06-28,1.2864976000000001,0.7776609144082351,312115.0,0.054436264008576464
2018-06-29,1.2884757,0.7767468179648246,197810.0,0.054372277257537724
2018-07-02,1.2787899,0.781795351996446,-968580.0,0.054725674639751226
2018-07-03,1.2792257,0.781724796492128,43580.0,0.05472073575444896
2018-07-04,1.2789536,0.7811485107825648,-27210.0,0.05468039575477954
2018-07-05,1.2812786,0.7803625222492595,232500.0,0.05462537655744817
2018-07-06,1.2814736500000001,0.7804912336668023,19505.0,0.05463438635667616
2018-07-09,1.2825605,0.7797272721247848,108685.0,0.05458090904873493
2018-07-10,1.28099705,0.7798927796125682,-156345.0,0.05459249457287978
2018-07-11,1.28072615,0.7802461908035532,-27090.0,0.05461723335624872
2018-07-12,1.2856423000000001,0.7787736137804426,491615.0,0.05451415296463099
2018-07-13,1.27588955,0.7835569309271324,-975275.0,0.054848985164899264
2018-07-16,1.27358675,0.7846527140769955,-230280.0,0.05492568998538969
2018-07-17,1.2757383,0.78391685034462,215155.0,0.054874179524123406
2018-07-18,1.27219885,0.7855832836195379,-353945.0000000012,0.05499082985336766
2018-07-19,1.27813965,0.7815470711670669,594080.0000000019,0.05470829498169469
2018-07-20,1.2779425500000001,0.7820939994524793,-19710.000000001863,0.05474657996167356
2018-07-23,1.27993195,0.781187663922289,198940.0,0.054683136474560225
2018-07-24,1.2854076,0.7779477498032531,547565.0000000019,0.054456342486227716
2018-07-25,1.2872497,0.7766418589959664,184209.99999999878,0.054364930129717645
2018-07-26,1.286985,0.7767942905317466,-26470.0,0.05437560033722227
2018-07-27,1.2861589,0.7772904265561588,-82610.0,0.05441032985893112
2018-07-30,1.28520365,0.7777080698455844,-95525.00000000064,0.054439564889190904
2018-07-31,1.2853322,0.7790503497850595,12854.99999999933,0.05453352448495417
2018-08-01,1.2881322000000002,0.7763134870784225,280000.00000000256,0.054341944095489585
2018-08-02,1.28604885,0.7776114803104097,-208335.00000000128,0.05443280362172868
2018-08-03,1.2817302000000002,0.7810099192482162,-431864.99999999936,0.054670694347375134
2018-08-06,1.2759993,0.7847400856724608,-573090.0,0.05493180599707225
2018-08-07,1.2732278,0.7852439288554648,-277150.0,0.05496707501988254
2018-08-08,1.2898006,0.7757965843712586,1657280.0000000026,0.054305760905988106
2018-08-09,1.2849388,0.7780375220983288,-486180.00000000186,0.05446262654688301
2018-08-10,1.2857686000000002,0.7784636364583798,82979.99999999878,0.05449245455208659
2018-08-13,1.2879235,0.7765000017469982,215489.99999999884,0.05435500012228987
2018-08-14,1.2839699,0.7795800353263733,-395360.0,0.05457060247284613
2018-08-15,1.2875389000000002,0.776619642326923,356900.0,0.05436337496288462
2018-08-16,1.286048,0.7782571101545199,-149090.0,0.05447799771081639
2018-08-17,1.2878316,0.7767392879628051,178360.0,0.054371750157396356
2018-08-20,1.2952677000000001,0.7709400149482613,743610.0,0.05396580104637829
2018-08-21,1.3018458000000002,0.7678453930565355,657810.0,0.05374917751395749
2018-08-22,1.30731715,0.7646879718513598,547135.0,0.05352815802959519
2018-08-23,1.31221155,0.7626061514242882,489440.0,0.05338243059970018
2018-08-24,1.3092854500000002,0.7637659152173423,-292609.99999999756,0.053463614065213966
2018-08-27,1.315746,0.760006566616961,646055.0,0.05320045966318727
2018-08-28,1.32900185,0.752477319726831,1325585.0,0.05267341238087817
2018-08-29,1.3268563500000001,0.7535407657354919,-214550.0,0.05274785360148444
2018-08-30,1.3243190500000002,0.7552505946357865,-253730.0,0.05286754162450506
2018-08-31,1.3267206000000002,0.7540315572095586,240155.00000000058,0.0527822090046691
2018-09-03,1.3264599000000001,0.7537041262988801,-26069.99999999936,0.05275928884092161
2018-09-04,1.32212445,0.756304446226677,-433545.0,0.05294131123586739
2018-09-05,1.3233830500000001,0.7556323922994177,125860.0,0.05289426746095924
2018-09-06,1.3268035,0.7535617369113059,342045.0,0.05274932158379141
2018-09-07,1.3187655,0.7584913314762934,-803799.9999999994,0.05309439320334054
2018-09-10,1.3259939,0.7536579919409885,722840.0000000006,0.05275605943586919
2018-09-11,1.3177792000000002,0.7583488948679717,-821470.0,0.05308442264075802
2018-09-12,1.3119766,0.7615778360681128,-580260.0000000024,0.0533104485247679
2018-09-13,1.3116311500000002,0.7624433896678956,-34544.99999999942,0.0533710372767527
2018-09-14,1.3084379000000002,0.76495044205002,-319325.0,0.053546530943501404
2018-09-17,1.3104030500000001,0.7624970042613988,196515.0000000018,0.05337479029829791
2018-09-18,1.30538015,0.7667699711842562,-502290.00000000186,0.053673897982897935
2018-09-19,1.3054793500000001,0.7665123925552709,9920.0,0.05365586747886897
2018-09-20,1.2997342500000002,0.7691113779605331,-574509.9999999988,0.053837796457237325
2018-09-21,1.31005465,0.7639381303673095,1032040.0,0.05347566912571167
2018-09-25,1.3040876000000001,0.7667376025966354,-596705.0,0.053671632181764475
2018-09-26,1.30698565,0.7652854872584102,289805.0,0.05356998410808871
2018-09-27,1.3003233500000002,0.7692311300877586,-666230.0,0.0538461791061431
2018-09-28,1.2982488,0.7709463702180969,-207455.0,0.05396624591526678
2018-10-08,1.3034743500000001,0.766436370612126,522555.0000000006,0.053650545942848814
2018-10-09,1.2977955,0.7700216636596444,-567885.0000000006,0.05390151645617511
2018-10-10,1.3023050500000002,0.7680370278837512,450955.00000000116,0.05376259195186259
2018-10-11,1.3089429000000001,0.7639185024801312,663784.9999999988,0.05347429517360918
2018-10-12,1.3106078,0.7628900117945276,166489.99999999886,0.05340230082561694
2018-10-15,1.314909,0.7610620963123684,430120.00000000116,0.053274346741865784
2018-10-16,1.3203039,0.7575860375781667,539489.9999999988,0.053031022630471665
2018-10-17,1.3284278,0.7523985496238486,812390.0000000017,0.0526678984736694
2018-10-18,1.3283681,0.7526277543099688,-5970.000000001164,0.05268394280169782
2018-10-19,1.32923885,0.7526428752815945,87075.0,0.05268500126971161
2018-10-22,1.3370668,0.7476888589261209,782795.0000000006,0.05233822012482847
2018-10-23,1.34077525,0.7453806296021649,370845.0000000006,0.052176644072151536
2018-10-24,1.34774555,0.7411190487699997,697030.0,0.051878333413899975
2018-10-25,1.3571012500000001,0.7368485954898354,935570.0,0.051579401684288484
2018-10-26,1.3592085,0.7356731877412479,210725.0,0.051497123141887355
2018-10-29,1.3515304000000001,0.7395159220983857,-767810.0,0.051766114546886996
2018-10-30,1.35581255,0.7365891398482777,428215.00000000116,0.051561239789379446
2018-10-31,1.35283365,0.739279955077995,-297890.0000000024,0.05174959685545966
2018-11-01,1.3508103,0.7401409731625529,-202334.9999999982,0.05180986812137871
2018-11-02,1.3534429000000001,0.7391385702344738,263260.0000000006,0.051739699916413175
2018-11-05,1.3626633000000001,0.7332307621405816,922040.0,0.05132615334984071
2018-11-06,1.3598522000000002,0.7352300860343499,-281110.00000000116,0.05146610602240449
2018-11-07,1.3620437,0.7348331408162602,219150.00000000122,0.051438319857138204
2018-11-08,1.3607002000000001,0.7344186471053653,-134350.0000000006,0.051409305297375564
2018-11-09,1.35773115,0.7369005270299647,-296905.0000000018,0.051583036892097534
